       	0 	-10.8213
  0.00254833  	-10.823
  0.00509666 	-10.8282
	0.007645 	-10.8368
   0.0101933 	-10.8487
   0.0127417 	-10.8638
 	0.01529  	-10.882
   0.0178383  	-10.903
   0.0203867 	-10.9268
	0.022935  	-10.953
   0.0254833 	-10.9816
   0.0280317 	-11.0122
 	0.03058 	-11.0447
   0.0331283 	-11.0788
   0.0356767 	-11.1144
	0.038225 	-11.1512
   0.0407733  	-11.189
   0.0433217 	-11.2277
 	0.04587 	-11.2671
   0.0484183 	-11.3069
   0.0509667 	-11.3472
	0.053515 	-11.3876
   0.0560633 	-11.4281
   0.0586117 	-11.4685
 	0.06116 	-11.5087
   0.0637083 	-11.5487
   0.0662567 	-11.5882
	0.068805 	-11.6273
   0.0713533 	-11.6658
   0.0739016 	-11.7037
 	0.07645 	-11.7408
   0.0789983 	-11.7772
   0.0815466 	-11.8127
	0.084095 	-11.8473
   0.0866433 	-11.8809
   0.0891916 	-11.9135
 	0.09174  	-11.945
   0.0942883 	-11.9755
   0.0968366 	-12.0048
	0.099385  	-12.033
	0.101933 	-12.0599
	0.104482 	-12.0856
 	0.10703 	-12.1101
	0.109578 	-12.1333
	0.112127 	-12.1551
	0.114675 	-12.1757
	0.117223 	-12.1949
	0.119772 	-12.2127
 	0.12232 	-12.2292
	0.124868 	-12.2443
	0.127417  	-12.258
	0.129965 	-12.2702
	0.132513 	-12.2811
	0.135062 	-12.2905
 	0.13761 	-12.2985
	0.140158  	-12.305
	0.142707 	-12.3101
	0.145255 	-12.3138
	0.147803 	-12.3159
	0.150352 	-12.3167
	0.150352 	-12.3167
	0.153294 	-12.3157
	0.156237 	-12.3128
	0.159179 	-12.3079
	0.162122 	-12.3011
	0.165064 	-12.2924
	0.168007 	-12.2818
 	0.17095 	-12.2692
	0.173892 	-12.2547
	0.176835 	-12.2383
	0.179777   	-12.22
 	0.18272 	-12.1999
	0.185662 	-12.1778
	0.188605 	-12.1539
	0.191547 	-12.1282
 	0.19449 	-12.1006
	0.197433 	-12.0713
	0.200375 	-12.0401
	0.203318 	-12.0072
 	0.20626 	-11.9725
	0.209203 	-11.9362
	0.212145 	-11.8981
	0.215088 	-11.8584
	0.218031 	-11.8171
	0.220973 	-11.7743
	0.223916 	-11.7299
	0.226858  	-11.684
	0.229801 	-11.6367
	0.232743  	-11.588
	0.235686  	-11.538
	0.238628 	-11.4867
	0.241571 	-11.4343
	0.244514 	-11.3807
	0.247456 	-11.3262
	0.250399 	-11.2707
	0.253341 	-11.2145
	0.256284 	-11.1575
	0.259226    	-11.1
	0.262169  	-11.042
	0.265112 	-10.9837
	0.268054 	-10.9254
	0.270997 	-10.8671
	0.273939 	-10.8092
	0.276882 	-10.7518
	0.279824 	-10.6951
	0.282767 	-10.6395
	0.285709 	-10.5852
	0.288652 	-10.5326
	0.291595  	-10.482
	0.294537 	-10.4338
 	0.29748 	-10.3885
	0.300422 	-10.3463
	0.303365 	-10.3078
	0.306307 	-10.2733
 	0.30925 	-10.2433
	0.312192 	-10.2181
	0.315135 	-10.1981
	0.318078 	-10.1836
 	0.32102 	-10.1748
	0.323963 	-10.1719
	0.323963 	-10.1719
	0.325003 	-10.1719
	0.326043 	-10.1719
	0.327084 	-10.1718
	0.328124 	-10.1717
	0.329165 	-10.1716
	0.330205 	-10.1715
	0.331245 	-10.1713
	0.332286 	-10.1711
	0.333326  	-10.171
	0.334366 	-10.1707
	0.335407 	-10.1705
	0.336447 	-10.1703
	0.337487   	-10.17
	0.338528 	-10.1698
	0.339568 	-10.1695
	0.340608 	-10.1692
	0.341649  	-10.169
	0.342689 	-10.1687
	0.343729 	-10.1684
 	0.34477 	-10.1682
 	0.34581 	-10.1679
 	0.34685 	-10.1677
	0.347891 	-10.1674
	0.348931 	-10.1672
	0.349972 	-10.1671
	0.351012 	-10.1669
	0.352052 	-10.1668
	0.353093 	-10.1667
	0.354133 	-10.1667
	0.355173 	-10.1667
	0.356214 	-10.1667
	0.357254 	-10.1669
	0.358294  	-10.167
	0.359335 	-10.1673
	0.360375 	-10.1676
	0.361415  	-10.168
	0.362456 	-10.1685
	0.363496 	-10.1691
	0.364536 	-10.1698
	0.365577 	-10.1706
	0.366617 	-10.1715
	0.367658 	-10.1725
	0.368698 	-10.1736
	0.369738 	-10.1748
	0.370779 	-10.1762
	0.371819 	-10.1778
	0.372859 	-10.1794
  	0.3739 	-10.1813
 	0.37494 	-10.1833
 	0.37598 	-10.1854
	0.377021 	-10.1878
	0.378061 	-10.1903
	0.379101  	-10.193
	0.380142 	-10.1959
	0.381182  	-10.199
	0.382222 	-10.2023
	0.383263 	-10.2058
	0.384303 	-10.2095
	0.385344 	-10.2135
	0.385344 	-10.2135
	0.388465 	-10.2114
	0.391586 	-10.2133
	0.394707 	-10.2195
	0.397828   	-10.23
	0.400949 	-10.2449
 	0.40407 	-10.2642
	0.407191 	-10.2877
	0.410312 	-10.3154
	0.413433 	-10.3471
	0.416554 	-10.3826
	0.419675 	-10.4216
	0.422796 	-10.4638
	0.425917 	-10.5091
	0.429038 	-10.5569
	0.432159 	-10.6071
 	0.43528 	-10.6593
	0.438402 	-10.7133
	0.441523 	-10.7687
	0.444644 	-10.8252
	0.447765 	-10.8826
	0.450886 	-10.9407
	0.454007 	-10.9991
	0.457128 	-11.0577
	0.460249 	-11.1163
 	0.46337 	-11.1747
	0.466491 	-11.2326
	0.469612   	-11.29
	0.472733 	-11.3467
	0.475854 	-11.4026
	0.478975 	-11.4575
	0.482096 	-11.5113
	0.485217  	-11.564
	0.488338 	-11.6153
	0.491459 	-11.6653
	0.494581 	-11.7138
	0.497702 	-11.7608
	0.500823 	-11.8062
	0.503944   	-11.85
	0.507065  	-11.892
	0.510186 	-11.9322
	0.513307 	-11.9707
	0.516428 	-12.0072
	0.519549 	-12.0419
 	0.52267 	-12.0746
	0.525791 	-12.1054
	0.528912 	-12.1342
	0.532033 	-12.1609
	0.535154 	-12.1856
	0.538275 	-12.2082
	0.541396 	-12.2287
	0.544517  	-12.247
	0.547639 	-12.2633
 	0.55076 	-12.2774
	0.553881 	-12.2894
	0.557002 	-12.2992
	0.560123 	-12.3068
	0.563244 	-12.3123
	0.566365 	-12.3156
	0.569486 	-12.3167

       	0 	-6.31432
  0.00254833 	-6.31092
  0.00509666 	-6.30082
	0.007645 	-6.28402
   0.0101933 	-6.26072
   0.0127417 	-6.23092
 	0.01529 	-6.19472
   0.0178383 	-6.15252
   0.0203867 	-6.10432
	0.022935 	-6.05032
   0.0254833 	-5.99092
   0.0280317 	-5.92622
 	0.03058 	-5.85642
   0.0331283 	-5.78172
   0.0356767 	-5.70252
	0.038225 	-5.61892
   0.0407733 	-5.53102
   0.0433217 	-5.43932
 	0.04587 	-5.34372
   0.0484183 	-5.24462
   0.0509667 	-5.14212
	0.053515 	-5.03632
   0.0560633 	-4.92752
   0.0586117 	-4.81582
 	0.06116 	-4.70132
   0.0637083 	-4.58422
   0.0662567 	-4.46462
	0.068805 	-4.34272
   0.0713533 	-4.21862
   0.0739016 	-4.09242
 	0.07645 	-3.96412
   0.0789983 	-3.83412
   0.0815466 	-3.70222
	0.084095 	-3.56882
   0.0866433 	-3.43382
   0.0891916 	-3.29742
 	0.09174 	-3.15962
   0.0942883 	-3.02072
   0.0968366 	-2.88072
	0.099385 	-2.73972
	0.101933 	-2.59782
	0.104482 	-2.45512
 	0.10703 	-2.31192
	0.109578 	-2.16812
	0.112127 	-2.02392
	0.114675 	-1.87952
	0.117223 	-1.73502
	0.119772 	-1.59052
 	0.12232 	-1.44622
	0.124868 	-1.30222
	0.127417 	-1.15882
	0.129965 	-1.01612
	0.132513	-0.874418
	0.135062	-0.733918
 	0.13761	-0.594918
	0.140158	-0.457918
	0.142707	-0.323518
	0.145255	-0.193118
	0.147803   -0.0720179
	0.150352   -1.786e-05
	0.150352   -1.786e-05
	0.153294   -0.0866179
	0.156237	-0.223318
	0.159179	-0.366218
	0.162122	-0.510718
	0.165064	-0.655818
	0.168007	-0.800918
 	0.17095	-0.945918
	0.173892 	-1.09072
	0.176835 	-1.23522
	0.179777 	-1.37922
 	0.18272 	-1.52282
	0.185662 	-1.66592
	0.188605 	-1.80842
	0.191547 	-1.95032
 	0.19449 	-2.09172
	0.197433 	-2.23232
	0.200375 	-2.37232
	0.203318 	-2.51162
 	0.20626 	-2.65012
	0.209203 	-2.78792
	0.212145 	-2.92482
	0.215088 	-3.06092
	0.218031 	-3.19622
	0.220973 	-3.33052
	0.223916 	-3.46382
	0.226858 	-3.59612
	0.229801 	-3.72742
	0.232743 	-3.85762
	0.235686 	-3.98652
	0.238628 	-4.11432
	0.241571 	-4.24072
	0.244514 	-4.36572
	0.247456 	-4.48922
	0.250399 	-4.61112
	0.253341 	-4.73132
	0.256284 	-4.84972
	0.259226 	-4.96612
	0.262169 	-5.08042
	0.265112 	-5.19242
	0.268054 	-5.30202
	0.270997 	-5.40892
	0.273939 	-5.51302
	0.276882 	-5.61402
	0.279824 	-5.71172
	0.282767 	-5.80562
	0.285709 	-5.89572
	0.288652 	-5.98142
	0.291595 	-6.06262
	0.294537 	-6.13872
 	0.29748 	-6.20932
	0.300422 	-6.27412
	0.303365 	-6.33272
	0.306307 	-6.38452
 	0.30925 	-6.42922
	0.312192 	-6.46642
	0.315135 	-6.49572
	0.318078 	-6.51692
 	0.32102 	-6.52962
	0.323963 	-6.53392
	0.323963 	-6.53392
	0.325003 	-6.53392
	0.326043 	-6.53372
	0.327084 	-6.53342
	0.328124 	-6.53302
	0.329165 	-6.53252
	0.330205 	-6.53192
	0.331245 	-6.53122
	0.332286 	-6.53042
	0.333326 	-6.52952
	0.334366 	-6.52842
	0.335407 	-6.52732
	0.336447 	-6.52602
	0.337487 	-6.52472
	0.338528 	-6.52322
	0.339568 	-6.52162
	0.340608 	-6.51992
	0.341649 	-6.51822
	0.342689 	-6.51632
	0.343729 	-6.51432
 	0.34477 	-6.51222
 	0.34581 	-6.51002
 	0.34685 	-6.50782
	0.347891 	-6.50542
	0.348931 	-6.50292
	0.349972 	-6.50042
	0.351012 	-6.49772
	0.352052 	-6.49492
	0.353093 	-6.49212
	0.354133 	-6.48922
	0.355173 	-6.48612
	0.356214 	-6.48302
	0.357254 	-6.47982
	0.358294 	-6.47652
	0.359335 	-6.47322
	0.360375 	-6.46972
	0.361415 	-6.46612
	0.362456 	-6.46252
	0.363496 	-6.45882
	0.364536 	-6.45502
	0.365577 	-6.45112
	0.366617 	-6.44712
	0.367658 	-6.44302
	0.368698 	-6.43882
	0.369738 	-6.43452
	0.370779 	-6.43022
	0.371819 	-6.42572
	0.372859 	-6.42122
  	0.3739 	-6.41652
 	0.37494 	-6.41182
 	0.37598 	-6.40692
	0.377021 	-6.40202
	0.378061 	-6.39692
	0.379101 	-6.39172
	0.380142 	-6.38642
	0.381182 	-6.38092
	0.382222 	-6.37542
	0.383263 	-6.36962
	0.384303 	-6.36382
	0.385344 	-6.35782
	0.385344 	-6.35782
	0.388465 	-6.36212
	0.391586 	-6.36242
	0.394707 	-6.35832
	0.397828 	-6.34942
	0.400949 	-6.33532
 	0.40407 	-6.31562
	0.407191 	-6.29032
	0.410312 	-6.25922
	0.413433 	-6.22222
	0.416554 	-6.17932
	0.419675 	-6.13062
	0.422796 	-6.07612
	0.425917 	-6.01612
	0.429038 	-5.95062
	0.432159 	-5.87992
 	0.43528 	-5.80422
	0.438402 	-5.72352
	0.441523 	-5.63832
	0.444644 	-5.54852
	0.447765 	-5.45462
	0.450886 	-5.35652
	0.454007 	-5.25452
	0.457128 	-5.14892
	0.460249 	-5.03962
 	0.46337 	-4.92702
	0.466491 	-4.81112
	0.469612 	-4.69212
	0.472733 	-4.57012
	0.475854 	-4.44532
	0.478975 	-4.31782
	0.482096 	-4.18762
	0.485217 	-4.05492
	0.488338 	-3.91982
	0.491459 	-3.78252
	0.494581 	-3.64292
	0.497702 	-3.50132
	0.500823 	-3.35762
	0.503944 	-3.21212
	0.507065 	-3.06472
	0.510186 	-2.91572
	0.513307 	-2.76512
	0.516428 	-2.61302
	0.519549 	-2.45952
 	0.52267 	-2.30482
	0.525791 	-2.14882
	0.528912 	-1.99192
	0.532033 	-1.83402
	0.535154 	-1.67532
	0.538275 	-1.51602
	0.541396 	-1.35632
	0.544517 	-1.19622
	0.547639 	-1.03602
 	0.55076	-0.875818
	0.553881	-0.716118
	0.557002	-0.557018
	0.560123	-0.399218
	0.563244	-0.243818
	0.566365   -0.0954179
	0.569486   -1.786e-05

       	0 	-1.05232
  0.00254833 	-1.05182
  0.00509666 	-1.05022
	0.007645 	-1.04752
   0.0101933 	-1.04382
   0.0127417 	-1.03912
 	0.01529 	-1.03322
   0.0178383 	-1.02632
   0.0203867 	-1.01842
	0.022935 	-1.00942
   0.0254833	-0.999418
   0.0280317	-0.988418
 	0.03058	-0.976418
   0.0331283	-0.963418
   0.0356767	-0.949418
	0.038225	-0.934418
   0.0407733	-0.918518
   0.0433217	-0.901618
 	0.04587	-0.883818
   0.0484183	-0.865118
   0.0509667	-0.845618
	0.053515	-0.825218
   0.0560633	-0.803918
   0.0586117	-0.781918
 	0.06116	-0.759118
   0.0637083	-0.735518
   0.0662567	-0.711318
	0.068805	-0.686418
   0.0713533	-0.661018
   0.0739016	-0.634918
 	0.07645	-0.608318
   0.0789983	-0.581318
   0.0815466	-0.553818
	0.084095	-0.526018
   0.0866433	-0.498018
   0.0891916	-0.469718
 	0.09174	-0.441418
   0.0942883	-0.412918
   0.0968366	-0.384618
	0.099385	-0.356318
	0.101933	-0.328318
	0.104482	-0.300718
 	0.10703	-0.273518
	0.109578	-0.246918
	0.112127	-0.220918
	0.114675	-0.195818
	0.117223	-0.171618
	0.119772	-0.148518
 	0.12232	-0.126618
	0.124868	-0.106118
	0.127417   -0.0870179
	0.129965   -0.0695179
	0.132513   -0.0538179
	0.135062   -0.0399179
 	0.13761   -0.0279179
	0.140158   -0.0180179
	0.142707   -0.0101179
	0.145255  -0.00451786
	0.147803  -0.00111786
	0.150352   -1.786e-05
	0.150352   -1.786e-05
	0.153294  -0.00351786
	0.156237   -0.0140179
	0.159179   -0.0313179
	0.162122   -0.0551179
	0.165064   -0.0850179
	0.168007	-0.120618
 	0.17095	-0.161418
	0.173892	-0.206918
	0.176835	-0.256618
	0.179777	-0.309918
 	0.18272	-0.366418
	0.185662	-0.425518
	0.188605	-0.486918
	0.191547	-0.550118
 	0.19449	-0.614718
	0.197433	-0.680418
	0.200375	-0.746918
	0.203318	-0.813918
 	0.20626	-0.881118
	0.209203	-0.948418
	0.212145 	-1.01542
	0.215088 	-1.08212
	0.218031 	-1.14822
	0.220973 	-1.21362
	0.223916 	-1.27812
	0.226858 	-1.34172
	0.229801 	-1.40422
	0.232743 	-1.46542
	0.235686 	-1.52542
	0.238628 	-1.58402
	0.241571 	-1.64122
	0.244514 	-1.69682
	0.247456 	-1.75092
	0.250399 	-1.80332
	0.253341 	-1.85402
	0.256284 	-1.90292
	0.259226 	-1.95012
	0.262169 	-1.99542
	0.265112 	-2.03882
	0.268054 	-2.08032
	0.270997 	-2.11982
	0.273939 	-2.15742
	0.276882 	-2.19292
	0.279824 	-2.22642
	0.282767 	-2.25792
	0.285709 	-2.28722
	0.288652 	-2.31452
	0.291595 	-2.33962
	0.294537 	-2.36262
 	0.29748 	-2.38352
	0.300422 	-2.40222
	0.303365 	-2.41872
	0.306307 	-2.43312
 	0.30925 	-2.44522
	0.312192 	-2.45512
	0.315135 	-2.46292
	0.318078 	-2.46842
 	0.32102 	-2.47172
	0.323963 	-2.47282
	0.323963 	-2.47282
	0.325003 	-2.47362
	0.326043 	-2.47582
	0.327084 	-2.47942
	0.328124 	-2.48452
	0.329165 	-2.49102
	0.330205 	-2.49892
	0.331245 	-2.50812
	0.332286 	-2.51872
	0.333326 	-2.53052
	0.334366 	-2.54352
	0.335407 	-2.55772
	0.336447 	-2.57302
	0.337487 	-2.58942
	0.338528 	-2.60682
	0.339568 	-2.62502
	0.340608 	-2.64422
	0.341649 	-2.66422
	0.342689 	-2.68492
	0.343729 	-2.70642
 	0.34477 	-2.72842
 	0.34581 	-2.75102
 	0.34685 	-2.77412
	0.347891 	-2.79772
	0.348931 	-2.82162
	0.349972 	-2.84592
	0.351012 	-2.87042
	0.352052 	-2.89522
	0.353093 	-2.92012
	0.354133 	-2.94522
	0.355173 	-2.97032
	0.356214 	-2.99552
	0.357254 	-3.02062
	0.358294 	-3.04572
	0.359335 	-3.07062
	0.360375 	-3.09552
	0.361415 	-3.12012
	0.362456 	-3.14452
	0.363496 	-3.16872
	0.364536 	-3.19262
	0.365577 	-3.21612
	0.366617 	-3.23932
	0.367658 	-3.26222
	0.368698 	-3.28462
	0.369738 	-3.30662
	0.370779 	-3.32812
	0.371819 	-3.34912
	0.372859 	-3.36962
  	0.3739 	-3.38962
 	0.37494 	-3.40912
 	0.37598 	-3.42792
	0.377021 	-3.44622
	0.378061 	-3.46392
	0.379101 	-3.48092
	0.380142 	-3.49732
	0.381182 	-3.51312
	0.382222 	-3.52812
	0.383263 	-3.54252
	0.384303 	-3.55622
	0.385344 	-3.56922
	0.385344 	-3.56922
	0.388465 	-3.55352
	0.391586 	-3.53202
	0.394707 	-3.50502
	0.397828 	-3.47282
	0.400949 	-3.43572
 	0.40407 	-3.39422
	0.407191 	-3.34852
	0.410312 	-3.29892
	0.413433 	-3.24562
	0.416554 	-3.18912
	0.419675 	-3.12942
	0.422796 	-3.06682
	0.425917 	-3.00162
	0.429038 	-2.93402
	0.432159 	-2.86422
 	0.43528 	-2.79232
	0.438402 	-2.71852
	0.441523 	-2.64312
	0.444644 	-2.56612
	0.447765 	-2.48782
	0.450886 	-2.40832
	0.454007 	-2.32772
	0.457128 	-2.24622
	0.460249 	-2.16392
 	0.46337 	-2.08102
	0.466491 	-1.99762
	0.469612 	-1.91392
	0.472733 	-1.82992
	0.475854 	-1.74582
	0.478975 	-1.66172
	0.482096 	-1.57792
	0.485217 	-1.49432
	0.488338 	-1.41122
	0.491459 	-1.32862
	0.494581 	-1.24682
	0.497702 	-1.16592
	0.500823 	-1.08592
	0.503944 	-1.00722
	0.507065	-0.933718
	0.510186	-0.869718
	0.513307	-0.805318
	0.516428	-0.740918
	0.519549	-0.676518
 	0.52267	-0.612618
	0.525791	-0.549418
	0.528912	-0.487418
	0.532033	-0.426918
	0.535154	-0.368318
	0.538275	-0.312118
	0.541396	-0.258918
	0.544517	-0.209218
	0.547639	-0.163418
 	0.55076	-0.122318
	0.553881   -0.0863179
	0.557002   -0.0559179
	0.560123   -0.0318179
	0.563244   -0.0142179
	0.566365  -0.00361786
	0.569486   -1.786e-05

       	0 	-1.05232
  0.00254833 	-1.05182
  0.00509666 	-1.05022
	0.007645 	-1.04752
   0.0101933 	-1.04382
   0.0127417 	-1.03912
 	0.01529 	-1.03322
   0.0178383 	-1.02632
   0.0203867 	-1.01842
	0.022935 	-1.00942
   0.0254833	-0.999418
   0.0280317	-0.988418
 	0.03058	-0.976418
   0.0331283	-0.963418
   0.0356767	-0.949418
	0.038225	-0.934418
   0.0407733	-0.918518
   0.0433217	-0.901618
 	0.04587	-0.883818
   0.0484183	-0.865118
   0.0509667	-0.845618
	0.053515	-0.825218
   0.0560633	-0.803918
   0.0586117	-0.781918
 	0.06116	-0.759118
   0.0637083	-0.735518
   0.0662567	-0.711318
	0.068805	-0.686418
   0.0713533	-0.661018
   0.0739016	-0.634918
 	0.07645	-0.608318
   0.0789983	-0.581318
   0.0815466	-0.553818
	0.084095	-0.526018
   0.0866433	-0.498018
   0.0891916	-0.469718
 	0.09174	-0.441418
   0.0942883	-0.412918
   0.0968366	-0.384618
	0.099385	-0.356318
	0.101933	-0.328318
	0.104482	-0.300718
 	0.10703	-0.273518
	0.109578	-0.246918
	0.112127	-0.220918
	0.114675	-0.195818
	0.117223	-0.171618
	0.119772	-0.148518
 	0.12232	-0.126618
	0.124868	-0.106118
	0.127417   -0.0870179
	0.129965   -0.0695179
	0.132513   -0.0538179
	0.135062   -0.0399179
 	0.13761   -0.0279179
	0.140158   -0.0180179
	0.142707   -0.0101179
	0.145255  -0.00451786
	0.147803  -0.00111786
	0.150352   -1.786e-05
	0.150352   -1.786e-05
	0.153294  -0.00351786
	0.156237   -0.0140179
	0.159179   -0.0313179
	0.162122   -0.0551179
	0.165064   -0.0850179
	0.168007	-0.120618
 	0.17095	-0.161418
	0.173892	-0.206918
	0.176835	-0.256618
	0.179777	-0.309918
 	0.18272	-0.366418
	0.185662	-0.425518
	0.188605	-0.486918
	0.191547	-0.550118
 	0.19449	-0.614718
	0.197433	-0.680418
	0.200375	-0.746918
	0.203318	-0.813918
 	0.20626	-0.881118
	0.209203	-0.948418
	0.212145 	-1.01542
	0.215088 	-1.08212
	0.218031 	-1.14822
	0.220973 	-1.21362
	0.223916 	-1.27812
	0.226858 	-1.34172
	0.229801 	-1.40422
	0.232743 	-1.46542
	0.235686 	-1.52542
	0.238628 	-1.58402
	0.241571 	-1.64122
	0.244514 	-1.69682
	0.247456 	-1.75092
	0.250399 	-1.80332
	0.253341 	-1.85402
	0.256284 	-1.90292
	0.259226 	-1.95012
	0.262169 	-1.99542
	0.265112 	-2.03882
	0.268054 	-2.08032
	0.270997 	-2.11982
	0.273939 	-2.15742
	0.276882 	-2.19292
	0.279824 	-2.22642
	0.282767 	-2.25792
	0.285709 	-2.28722
	0.288652 	-2.31452
	0.291595 	-2.33962
	0.294537 	-2.36262
 	0.29748 	-2.38352
	0.300422 	-2.40222
	0.303365 	-2.41872
	0.306307 	-2.43312
 	0.30925 	-2.44522
	0.312192 	-2.45512
	0.315135 	-2.46292
	0.318078 	-2.46842
 	0.32102 	-2.47172
	0.323963 	-2.47282
	0.323963 	-2.47282
	0.325003 	-2.47272
	0.326043 	-2.47242
	0.327084 	-2.47182
	0.328124 	-2.47102
	0.329165 	-2.46992
	0.330205 	-2.46872
	0.331245 	-2.46722
	0.332286 	-2.46542
	0.333326 	-2.46342
	0.334366 	-2.46122
	0.335407 	-2.45882
	0.336447 	-2.45612
	0.337487 	-2.45322
	0.338528 	-2.45012
	0.339568 	-2.44682
	0.340608 	-2.44322
	0.341649 	-2.43942
	0.342689 	-2.43532
	0.343729 	-2.43112
 	0.34477 	-2.42662
 	0.34581 	-2.42182
 	0.34685 	-2.41692
	0.347891 	-2.41172
	0.348931 	-2.40632
	0.349972 	-2.40072
	0.351012 	-2.39492
	0.352052 	-2.38882
	0.353093 	-2.38252
	0.354133 	-2.37602
	0.355173 	-2.36932
	0.356214 	-2.36232
	0.357254 	-2.35512
	0.358294 	-2.34772
	0.359335 	-2.34012
	0.360375 	-2.33232
	0.361415 	-2.32432
	0.362456 	-2.31612
	0.363496 	-2.30762
	0.364536 	-2.29902
	0.365577 	-2.29012
	0.366617 	-2.28102
	0.367658 	-2.27172
	0.368698 	-2.26222
	0.369738 	-2.25252
	0.370779 	-2.24262
	0.371819 	-2.23252
	0.372859 	-2.22222
  	0.3739 	-2.21172
 	0.37494 	-2.20102
 	0.37598 	-2.19012
	0.377021 	-2.17912
	0.378061 	-2.16782
	0.379101 	-2.15632
	0.380142 	-2.14472
	0.381182 	-2.13282
	0.382222 	-2.12082
	0.383263 	-2.10862
	0.384303 	-2.09622
	0.385344 	-2.08362
	0.385344 	-2.08362
	0.388465 	-2.09522
	0.391586 	-2.10472
	0.394707 	-2.11212
	0.397828 	-2.11722
	0.400949 	-2.12022
 	0.40407 	-2.12092
	0.407191 	-2.11942
	0.410312 	-2.11572
	0.413433 	-2.10962
	0.416554 	-2.10132
	0.419675 	-2.09062
	0.422796 	-2.07772
	0.425917 	-2.06252
	0.429038 	-2.04502
	0.432159 	-2.02512
 	0.43528 	-2.00302
	0.438402 	-1.97862
	0.441523 	-1.95202
	0.444644 	-1.92312
	0.447765 	-1.89192
	0.450886 	-1.85862
	0.454007 	-1.82302
	0.457128 	-1.78532
	0.460249 	-1.74552
 	0.46337 	-1.70362
	0.466491 	-1.65962
	0.469612 	-1.61372
	0.472733 	-1.56582
	0.475854 	-1.51602
	0.478975 	-1.46442
	0.482096 	-1.41112
	0.485217 	-1.35612
	0.488338 	-1.29952
	0.491459 	-1.24152
	0.494581 	-1.18212
	0.497702 	-1.12152
	0.500823 	-1.05982
	0.503944	-0.997118
	0.507065	-0.929818
	0.510186	-0.853918
	0.513307	-0.779718
	0.516428	-0.707418
	0.519549	-0.637218
 	0.52267	-0.569318
	0.525791	-0.504018
	0.528912	-0.441318
	0.532033	-0.381818
	0.535154	-0.325418
	0.538275	-0.272718
	0.541396	-0.223718
	0.544517	-0.178918
	0.547639	-0.138518
 	0.55076	-0.102718
	0.553881   -0.0719179
	0.557002   -0.0464179
	0.560123   -0.0262179
	0.563244   -0.0117179
	0.566365  -0.00291786
	0.569486   -1.786e-05

       	0 	0.884982
  0.00254833 	0.885582
  0.00509666 	0.887282
	0.007645 	0.890082
   0.0101933 	0.894082
   0.0127417 	0.899082
 	0.01529 	0.905282
   0.0178383 	0.912582
   0.0203867 	0.920982
	0.022935 	0.930382
   0.0254833 	0.940882
   0.0280317 	0.952482
 	0.03058 	0.965082
   0.0331283 	0.978782
   0.0356767 	0.993382
	0.038225  	1.00898
   0.0407733  	1.02548
   0.0433217  	1.04288
 	0.04587  	1.06108
   0.0484183  	1.08008
   0.0509667  	1.09988
	0.053515  	1.12038
   0.0560633  	1.14148
   0.0586117  	1.16308
 	0.06116  	1.18518
   0.0637083  	1.20758
   0.0662567  	1.23018
	0.068805  	1.25288
   0.0713533  	1.27548
   0.0739016  	1.29788
 	0.07645  	1.31978
   0.0789983  	1.34108
   0.0815466  	1.36138
	0.084095  	1.38038
   0.0866433  	1.39788
   0.0891916  	1.41328
 	0.09174  	1.42638
   0.0942883  	1.43658
   0.0968366  	1.44328
	0.099385  	1.44598
	0.101933  	1.44408
	0.104482  	1.43688
 	0.10703  	1.42378
	0.109578  	1.40408
	0.112127  	1.37728
	0.114675  	1.34288
	0.117223  	1.30038
	0.119772  	1.24958
 	0.12232  	1.19058
	0.124868  	1.12318
	0.127417  	1.04788
	0.129965 	0.964982
	0.132513 	0.874882
	0.135062 	0.778282
 	0.13761 	0.675782
	0.140158 	0.567982
	0.142707 	0.456082
	0.145255 	0.341582
	0.147803 	0.229882
	0.150352 	0.161082
	0.150352 	0.161082
	0.153294 	0.247482
	0.156237 	0.383682
	0.159179 	0.525682
	0.162122 	0.668782
	0.165064 	0.811782
	0.168007 	0.954082
 	0.17095  	1.09538
	0.173892  	1.23508
	0.176835  	1.37278
	0.179777  	1.50808
 	0.18272  	1.64038
	0.185662  	1.76878
	0.188605  	1.89248
	0.191547  	2.01008
 	0.19449  	2.11978
	0.197433  	2.21908
	0.200375  	2.30418
	0.203318  	2.36998
 	0.20626  	2.41138
	0.209203  	2.42578
	0.212145  	2.41608
	0.215088  	2.38878
	0.218031  	2.35048
	0.220973  	2.30568
	0.223916  	2.25738
	0.226858  	2.20748
	0.229801  	2.15698
	0.232743  	2.10688
	0.235686  	2.05748
	0.238628  	2.00938
	0.241571  	1.96268
	0.244514  	1.91778
	0.247456  	1.87468
	0.250399  	1.83358
	0.253341  	1.79458
	0.256284  	1.75778
	0.259226  	1.72328
	0.262169  	1.69118
	0.265112  	1.66148
	0.268054  	1.63418
	0.270997  	1.60938
	0.273939  	1.58718
	0.276882  	1.56758
	0.279824  	1.55058
	0.282767  	1.53618
	0.285709  	1.52438
	0.288652  	1.51538
	0.291595  	1.50898
	0.294537  	1.50528
 	0.29748  	1.50418
	0.300422  	1.50578
	0.303365  	1.50988
	0.306307  	1.51648
 	0.30925  	1.52538
	0.312192  	1.53628
	0.315135  	1.54848
	0.318078  	1.56078
 	0.32102  	1.57088
	0.323963  	1.57488
	0.323963  	1.57488
	0.325003  	1.57558
	0.326043  	1.57758
	0.327084  	1.58078
	0.328124  	1.58498
	0.329165  	1.59008
	0.330205  	1.59578
	0.331245  	1.60178
	0.332286  	1.60798
	0.333326  	1.61408
	0.334366  	1.61998
	0.335407  	1.62568
	0.336447  	1.63128
	0.337487  	1.63658
	0.338528  	1.64178
	0.339568  	1.64688
	0.340608  	1.65188
	0.341649  	1.65698
	0.342689  	1.66208
	0.343729  	1.66718
 	0.34477  	1.67248
 	0.34581  	1.67778
 	0.34685  	1.68328
	0.347891  	1.68888
	0.348931  	1.69468
	0.349972  	1.70058
	0.351012  	1.70668
	0.352052  	1.71298
	0.353093  	1.71948
	0.354133  	1.72608
	0.355173  	1.73288
	0.356214  	1.73988
	0.357254  	1.74698
	0.358294  	1.75438
	0.359335  	1.76188
	0.360375  	1.76958
	0.361415  	1.77748
	0.362456  	1.78558
	0.363496  	1.79388
	0.364536  	1.80238
	0.365577  	1.81098
	0.366617  	1.81978
	0.367658  	1.82878
	0.368698  	1.83798
	0.369738  	1.84728
	0.370779  	1.85688
	0.371819  	1.86658
	0.372859  	1.87638
  	0.3739  	1.88638
 	0.37494  	1.89658
 	0.37598  	1.90698
	0.377021  	1.91748
	0.378061  	1.92808
	0.379101  	1.93888
	0.380142  	1.94978
	0.381182  	1.96088
	0.382222  	1.97208
	0.383263  	1.98348
	0.384303  	1.99498
	0.385344  	2.00658
	0.385344  	2.00658
	0.388465  	1.99608
	0.391586  	1.98798
	0.394707  	1.98228
	0.397828  	1.97898
	0.400949  	1.97818
 	0.40407  	1.97968
	0.407191  	1.98358
	0.410312  	1.98968
	0.413433  	1.99808
	0.416554  	2.00858
	0.419675  	2.02098
	0.422796  	2.03538
	0.425917  	2.05138
	0.429038  	2.06898
	0.432159  	2.08798
 	0.43528  	2.10818
	0.438402  	2.12938
	0.441523  	2.15138
	0.444644  	2.17408
	0.447765  	2.19728
	0.450886  	2.22078
	0.454007  	2.24438
	0.457128  	2.26798
	0.460249  	2.29148
 	0.46337  	2.31468
	0.466491  	2.33758
	0.469612  	2.35998
	0.472733  	2.38178
	0.475854  	2.40268
	0.478975  	2.42248
	0.482096  	2.44078
	0.485217  	2.45688
	0.488338  	2.47008
	0.491459  	2.47918
	0.494581  	2.48268
	0.497702  	2.47878
	0.500823  	2.46548
	0.503944  	2.44098
	0.507065  	2.40438
	0.510186  	2.35538
	0.513307  	2.29468
	0.516428  	2.22338
	0.519549  	2.14248
 	0.52267  	2.05318
	0.525791  	1.95638
	0.528912  	1.85278
	0.532033  	1.74288
	0.535154  	1.62738
	0.538275  	1.50658
	0.541396  	1.38078
	0.544517  	1.25058
	0.547639  	1.11618
 	0.55076 	0.978082
	0.553881 	0.836582
	0.557002 	0.692282
	0.560123 	0.545782
	0.563244 	0.398482
	0.566365 	0.254882
	0.569486 	0.161082

       	0  	4.63918
  0.00254833  	4.63938
  0.00509666  	4.64018
	0.007645  	4.64148
   0.0101933  	4.64328
   0.0127417  	4.64548
 	0.01529  	4.64808
   0.0178383  	4.65098
   0.0203867  	4.65428
	0.022935  	4.65768
   0.0254833  	4.66128
   0.0280317  	4.66488
 	0.03058  	4.66838
   0.0331283  	4.67168
   0.0356767  	4.67468
	0.038225  	4.67718
   0.0407733  	4.67908
   0.0433217  	4.68018
 	0.04587  	4.68048
   0.0484183  	4.67958
   0.0509667  	4.67748
	0.053515  	4.67388
   0.0560633  	4.66878
   0.0586117  	4.66188
 	0.06116  	4.65318
   0.0637083  	4.64238
   0.0662567  	4.62958
	0.068805  	4.61448
   0.0713533  	4.59708
   0.0739016  	4.57738
 	0.07645  	4.55538
   0.0789983  	4.53108
   0.0815466  	4.50458
	0.084095  	4.47608
   0.0866433  	4.44548
   0.0891916  	4.41308
 	0.09174  	4.37918
   0.0942883  	4.34378
   0.0968366  	4.30728
	0.099385  	4.26988
	0.101933  	4.23178
	0.104482  	4.19338
 	0.10703  	4.15488
	0.109578  	4.11658
	0.112127  	4.07888
	0.114675  	4.04188
	0.117223  	4.00608
	0.119772  	3.95658
 	0.12232  	3.91128
	0.124868  	3.87308
	0.127417  	3.84148
	0.129965  	3.81588
	0.132513  	3.79548
	0.135062  	3.77978
 	0.13761  	3.76788
	0.140158  	3.75928
	0.142707  	3.75318
	0.145255  	3.74918
	0.147803  	3.74698
	0.150352  	3.74628
	0.150352  	3.74628
	0.153294  	3.74208
	0.156237  	3.72968
	0.159179  	3.70938
	0.162122  	3.68158
	0.165064  	3.64698
	0.168007  	3.60628
 	0.17095  	3.56028
	0.173892  	3.50988
	0.176835  	3.45588
	0.179777  	3.39908
 	0.18272  	3.34048
	0.185662  	3.28098
	0.188605  	3.22158
	0.191547  	3.16368
 	0.19449  	3.10878
	0.197433  	3.05918
	0.200375  	3.01838
	0.203318  	2.99068
 	0.20626  	2.98078
	0.209203  	2.99058
	0.212145  	3.01638
	0.215088  	3.05088
	0.218031  	3.08698
	0.220973  	3.11938
	0.223916  	3.14498
	0.226858  	3.16158
	0.229801  	3.16838
	0.232743  	3.16498
	0.235686  	3.15158
	0.238628  	3.12888
	0.241571  	3.09758
	0.244514  	3.05868
	0.247456  	3.01328
	0.250399  	2.96248
	0.253341  	2.90718
	0.256284  	2.84838
	0.259226  	2.78688
	0.262169  	2.72358
	0.265112  	2.65908
	0.268054  	2.59398
	0.270997  	2.52878
	0.273939  	2.46398
	0.276882  	2.39998
	0.279824  	2.33698
	0.282767  	2.27548
	0.285709  	2.21568
	0.288652  	2.15768
	0.291595  	2.10178
	0.294537  	2.04818
 	0.29748  	1.99688
	0.300422  	1.94828
	0.303365  	1.90238
	0.306307  	1.85938
 	0.30925  	1.81958
	0.312192  	1.78338
	0.315135  	1.75138
	0.318078  	1.72488
 	0.32102  	1.70638
	0.323963  	1.69948
	0.323963  	1.69948
	0.325003  	1.70018
	0.326043  	1.70228
	0.327084  	1.70588
	0.328124  	1.71118
	0.329165  	1.71828
	0.330205  	1.72738
	0.331245  	1.73878
	0.332286  	1.75268
	0.333326  	1.76908
	0.334366  	1.78828
	0.335407  	1.80998
	0.336447  	1.83438
	0.337487  	1.86118
	0.338528  	1.89048
	0.339568  	1.92208
	0.340608  	1.95578
	0.341649  	1.99158
	0.342689  	2.02948
	0.343729  	2.06918
 	0.34477  	2.11068
 	0.34581  	2.15388
 	0.34685  	2.19878
	0.347891  	2.24528
	0.348931  	2.29328
	0.349972  	2.34268
	0.351012  	2.39348
	0.352052  	2.44558
	0.353093  	2.49898
	0.354133  	2.55358
	0.355173  	2.60938
	0.356214  	2.66628
	0.357254  	2.72428
	0.358294  	2.78318
	0.359335  	2.84308
	0.360375  	2.90398
	0.361415  	2.96568
	0.362456  	3.02828
	0.363496  	3.09168
	0.364536  	3.15578
	0.365577  	3.22058
	0.366617  	3.28618
	0.367658  	3.35228
	0.368698  	3.41908
	0.369738  	3.48638
	0.370779  	3.55428
	0.371819  	3.62258
	0.372859  	3.69128
  	0.3739  	3.76048
 	0.37494  	3.82998
 	0.37598  	3.89988
	0.377021  	3.96988
	0.378061  	4.04018
	0.379101  	4.11068
	0.380142  	4.18128
	0.381182  	4.25188
	0.382222  	4.32248
	0.383263  	4.39298
	0.384303  	4.46328
	0.385344  	4.53338
	0.385344  	4.53338
	0.388465  	4.46388
	0.391586  	4.39568
	0.394707  	4.32908
	0.397828  	4.26438
	0.400949  	4.20178
 	0.40407  	4.14158
	0.407191  	4.08378
	0.410312  	4.02858
	0.413433  	3.97618
	0.416554  	3.92668
	0.419675  	3.87998
	0.422796  	3.83628
	0.425917  	3.79548
	0.429038  	3.75768
	0.432159  	3.72278
 	0.43528  	3.69078
	0.438402  	3.66148
	0.441523  	3.63478
	0.444644  	3.61038
	0.447765  	3.58808
	0.450886  	3.56748
	0.454007  	3.54808
	0.457128  	3.52938
	0.460249  	3.51098
 	0.46337  	3.49218
	0.466491  	3.47248
	0.469612  	3.45138
	0.472733  	3.42838
	0.475854  	3.40318
	0.478975  	3.37578
	0.482096  	3.34608
	0.485217  	3.31468
	0.488338  	3.28228
	0.491459  	3.25008
	0.494581  	3.21978
	0.497702  	3.19328
	0.500823  	3.17258
	0.503944  	3.15978
	0.507065  	3.15588
	0.510186  	3.16128
	0.513307  	3.17528
	0.516428  	3.19688
	0.519549  	3.22468
 	0.52267  	3.25768
	0.525791  	3.29468
	0.528912  	3.33478
	0.532033  	3.37698
	0.535154  	3.42048
	0.538275  	3.46438
	0.541396  	3.50808
	0.544517  	3.55058
	0.547639  	3.59098
 	0.55076  	3.62848
	0.553881  	3.66218
	0.557002  	3.69118
	0.560123  	3.71468
	0.563244  	3.73208
	0.566365  	3.74268
	0.569486  	3.74628

       	0  	4.63918
  0.00254833  	4.63938
  0.00509666  	4.64018
	0.007645  	4.64148
   0.0101933  	4.64328
   0.0127417  	4.64548
 	0.01529  	4.64808
   0.0178383  	4.65098
   0.0203867  	4.65428
	0.022935  	4.65768
   0.0254833  	4.66128
   0.0280317  	4.66488
 	0.03058  	4.66838
   0.0331283  	4.67168
   0.0356767  	4.67468
	0.038225  	4.67718
   0.0407733  	4.67908
   0.0433217  	4.68018
 	0.04587  	4.68048
   0.0484183  	4.67958
   0.0509667  	4.67748
	0.053515  	4.67388
   0.0560633  	4.66878
   0.0586117  	4.66188
 	0.06116  	4.65318
   0.0637083  	4.64238
   0.0662567  	4.62958
	0.068805  	4.61448
   0.0713533  	4.59708
   0.0739016  	4.57738
 	0.07645  	4.55538
   0.0789983  	4.53108
   0.0815466  	4.50458
	0.084095  	4.47608
   0.0866433  	4.44548
   0.0891916  	4.41308
 	0.09174  	4.37918
   0.0942883  	4.34378
   0.0968366  	4.30728
	0.099385  	4.26988
	0.101933  	4.23178
	0.104482  	4.19338
 	0.10703  	4.15488
	0.109578  	4.11658
	0.112127  	4.07888
	0.114675  	4.04188
	0.117223  	4.00608
	0.119772  	3.97148
 	0.12232  	3.93858
	0.124868  	3.90758
	0.127417  	3.87868
	0.129965  	3.85218
	0.132513  	3.82828
	0.135062  	3.80708
 	0.13761  	3.78878
	0.140158  	3.77368
	0.142707  	3.76178
	0.145255  	3.75318
	0.147803  	3.74798
	0.150352  	3.74628
	0.150352  	3.74628
	0.153294  	3.75118
	0.156237  	3.76568
	0.159179  	3.78968
	0.162122  	3.82298
	0.165064  	3.86498
	0.168007  	3.91538
 	0.17095  	3.97368
	0.173892  	4.03938
	0.176835  	4.11188
	0.179777  	4.19058
 	0.18272  	4.27518
	0.185662  	4.36498
	0.188605  	4.45968
	0.191547  	4.55868
 	0.19449  	4.66178
	0.197433  	4.76848
	0.200375  	4.87858
	0.203318  	4.99168
 	0.20626  	5.10748
	0.209203  	5.22588
	0.212145  	5.34648
	0.215088  	5.46918
	0.218031  	5.59378
	0.220973  	5.72018
	0.223916  	5.84798
	0.226858  	5.97728
	0.229801  	6.10788
	0.232743  	6.23958
	0.235686  	6.37238
	0.238628  	6.50608
	0.241571  	6.64058
	0.244514  	6.77588
	0.247456  	6.91168
	0.250399  	7.04808
	0.253341  	7.18478
	0.256284  	7.32188
	0.259226  	7.45908
	0.262169  	7.59638
	0.265112  	7.73348
	0.268054  	7.87038
	0.270997  	8.00678
	0.273939  	8.14258
	0.276882  	8.27738
	0.279824  	8.41098
	0.282767  	8.54298
	0.285709  	8.67298
	0.288652  	8.80038
	0.291595  	8.92478
	0.294537  	9.04518
 	0.29748  	9.16098
	0.300422  	9.27088
	0.303365  	9.37378
	0.306307  	9.46818
 	0.30925  	9.55248
	0.312192  	9.62498
	0.315135  	9.68388
	0.318078  	9.72748
 	0.32102  	9.75418
	0.323963  	9.76328
	0.323963  	9.76328
	0.325003  	9.76138
	0.326043  	9.75588
	0.327084  	9.74678
	0.328124  	9.73418
	0.329165  	9.71848
	0.330205  	9.69968
	0.331245  	9.67818
	0.332286  	9.65418
	0.333326  	9.62788
	0.334366  	9.59948
	0.335407  	9.56938
	0.336447  	9.53758
	0.337487  	9.50428
	0.338528  	9.46978
	0.339568  	9.43408
	0.340608  	9.39738
	0.341649  	9.35978
	0.342689  	9.32138
	0.343729  	9.28228
 	0.34477  	9.24258
 	0.34581  	9.20238
 	0.34685  	9.16168
	0.347891  	9.12058
	0.348931  	9.07908
	0.349972  	9.03738
	0.351012  	8.99538
	0.352052  	8.95318
	0.353093  	8.91088
	0.354133  	8.86838
	0.355173  	8.82578
	0.356214  	8.78318
	0.357254  	8.74058
	0.358294  	8.69798
	0.359335  	8.65548
	0.360375  	8.61298
	0.361415  	8.57058
	0.362456  	8.52828
	0.363496  	8.48618
	0.364536  	8.44428
	0.365577  	8.40248
	0.366617  	8.36098
	0.367658  	8.31978
	0.368698  	8.27878
	0.369738  	8.23818
	0.370779  	8.19778
	0.371819  	8.15788
	0.372859  	8.11828
  	0.3739  	8.07918
 	0.37494  	8.04048
 	0.37598  	8.00228
	0.377021  	7.96458
	0.378061  	7.92738
	0.379101  	7.89088
	0.380142  	7.85498
	0.381182  	7.81978
	0.382222  	7.78528
	0.383263  	7.75158
	0.384303  	7.71878
	0.385344  	7.68688
	0.385344  	7.68688
	0.388465  	7.68948
	0.391586  	7.64728
	0.394707  	7.57958
	0.397828  	7.49888
	0.400949  	7.41148
 	0.40407  	7.32068
	0.407191  	7.22828
	0.410312  	7.13548
	0.413433  	7.04298
	0.416554  	6.95128
	0.419675  	6.86058
	0.422796  	6.77148
	0.425917  	6.68398
	0.429038  	6.59858
	0.432159  	6.51538
 	0.43528  	6.43468
	0.438402  	6.35678
	0.441523  	6.28188
	0.444644  	6.21048
	0.447765  	6.14278
	0.450886  	6.07908
	0.454007  	6.01968
	0.457128  	5.96508
	0.460249  	5.91528
 	0.46337  	5.87048
	0.466491  	5.83078
	0.469612  	5.79578
	0.472733  	5.76508
	0.475854  	5.73778
	0.478975  	5.71258
	0.482096  	5.68778
	0.485217  	5.66118
	0.488338  	5.63008
	0.491459  	5.59208
	0.494581  	5.54468
	0.497702  	5.48628
	0.500823  	5.38798
	0.503944  	5.28158
	0.507065  	5.17518
	0.510186  	5.06898
	0.513307  	4.96338
	0.516428  	4.85888
	0.519549  	4.75578
 	0.52267  	4.65468
	0.525791  	4.55588
	0.528912  	4.46008
	0.532033  	4.36768
	0.535154  	4.27928
	0.538275  	4.19548
	0.541396  	4.11688
	0.544517  	4.04418
	0.547639  	3.97798
 	0.55076  	3.91798
	0.553881  	3.86618
	0.557002  	3.82338
	0.560123  	3.78978
	0.563244  	3.76568
	0.566365  	3.75118
	0.569486  	3.74628

       	0  	7.69668
  0.00254833  	7.69658
  0.00509666  	7.69648
	0.007645  	7.69608
   0.0101933  	7.69528
   0.0127417  	7.69368
 	0.01529  	7.69088
   0.0178383  	7.68618
   0.0203867  	7.67888
	0.022935  	7.66788
   0.0254833  	7.65198
   0.0280317  	7.62948
 	0.03058  	7.59888
   0.0331283  	7.55828
   0.0356767  	7.50618
	0.038225  	7.44168
   0.0407733  	7.36468
   0.0433217  	7.27588
 	0.04587  	7.17648
   0.0484183  	7.06818
   0.0509667  	6.95268
	0.053515  	6.83168
   0.0560633  	6.70628
   0.0586117  	6.57788
 	0.06116  	6.44728
   0.0637083  	6.31528
   0.0662567  	6.18248
	0.068805  	6.04938
   0.0713533  	5.91658
   0.0739016  	5.78448
 	0.07645  	5.65328
   0.0789983  	5.52348
   0.0815466  	5.39528
	0.084095  	5.26928
   0.0866433  	5.14558
   0.0891916  	5.02468
 	0.09174  	4.90698
   0.0942883  	4.79288
   0.0968366  	4.68298
	0.099385  	4.57748
	0.101933  	4.47718
	0.104482  	4.38248
 	0.10703  	4.29388
	0.109578  	4.21198
	0.112127  	4.13698
	0.114675  	4.06938
	0.117223  	4.00918
	0.119772  	3.97148
 	0.12232  	3.93858
	0.124868  	3.90758
	0.127417  	3.87868
	0.129965  	3.85218
	0.132513  	3.82828
	0.135062  	3.80708
 	0.13761  	3.78878
	0.140158  	3.77368
	0.142707  	3.76178
	0.145255  	3.75318
	0.147803  	3.74798
	0.150352  	3.74628
	0.150352  	3.74628
	0.153294  	3.75118
	0.156237  	3.76568
	0.159179  	3.78968
	0.162122  	3.82298
	0.165064  	3.86498
	0.168007  	3.91538
 	0.17095  	3.97368
	0.173892  	4.03938
	0.176835  	4.11188
	0.179777  	4.19058
 	0.18272  	4.27518
	0.185662  	4.36498
	0.188605  	4.45968
	0.191547  	4.55868
 	0.19449  	4.66178
	0.197433  	4.76848
	0.200375  	4.87858
	0.203318  	4.99168
 	0.20626  	5.10748
	0.209203  	5.22588
	0.212145  	5.34648
	0.215088  	5.46928
	0.218031  	5.59378
	0.220973  	5.72018
	0.223916  	5.84798
	0.226858  	5.97728
	0.229801  	6.10788
	0.232743  	6.23958
	0.235686  	6.37238
	0.238628  	6.50608
	0.241571  	6.64058
	0.244514  	6.77588
	0.247456  	6.91168
	0.250399  	7.04808
	0.253341  	7.18478
	0.256284  	7.32188
	0.259226  	7.45908
	0.262169  	7.59638
	0.265112  	7.73348
	0.268054  	7.87038
	0.270997  	8.00678
	0.273939  	8.14258
	0.276882  	8.27738
	0.279824  	8.41098
	0.282767  	8.54298
	0.285709  	8.67298
	0.288652  	8.80038
	0.291595  	8.92478
	0.294537  	9.04518
 	0.29748  	9.16098
	0.300422  	9.27088
	0.303365  	9.37378
	0.306307  	9.46818
 	0.30925  	9.55248
	0.312192  	9.62498
	0.315135  	9.68388
	0.318078  	9.72748
 	0.32102  	9.75418
	0.323963  	9.76328
	0.323963  	9.76328
	0.325003  	9.76228
	0.326043  	9.75948
	0.327084  	9.75468
	0.328124  	9.74808
	0.329165  	9.73968
	0.330205  	9.72938
	0.331245  	9.71728
	0.332286  	9.70348
	0.333326  	9.68798
	0.334366  	9.67088
	0.335407  	9.65208
	0.336447  	9.63178
	0.337487  	9.60998
	0.338528  	9.58678
	0.339568  	9.56218
	0.340608  	9.53628
	0.341649  	9.50908
	0.342689  	9.48078
	0.343729  	9.45128
 	0.34477  	9.42068
 	0.34581  	9.38908
 	0.34685  	9.35658
	0.347891  	9.32308
	0.348931  	9.28878
	0.349972  	9.25368
	0.351012  	9.21778
	0.352052  	9.18118
	0.353093  	9.14398
	0.354133  	9.10608
	0.355173  	9.06768
	0.356214  	9.02868
	0.357254  	8.98918
	0.358294  	8.94928
	0.359335  	8.90888
	0.360375  	8.86818
	0.361415  	8.82708
	0.362456  	8.78558
	0.363496  	8.74388
	0.364536  	8.70178
	0.365577  	8.65958
	0.366617  	8.61698
	0.367658  	8.57428
	0.368698  	8.53138
	0.369738  	8.48838
	0.370779  	8.44518
	0.371819  	8.40188
	0.372859  	8.35848
  	0.3739  	8.31498
 	0.37494  	8.27138
 	0.37598  	8.22778
	0.377021  	8.18408
	0.378061  	8.14038
	0.379101  	8.09668
	0.380142  	8.05298
	0.381182  	8.00928
	0.382222  	7.96558
	0.383263  	7.92198
	0.384303  	7.87838
	0.385344  	7.83488
	0.385344  	7.83488
	0.388465  	7.87088
	0.391586  	7.89198
	0.394707  	7.89888
	0.397828  	7.89298
	0.400949  	7.87558
 	0.40407  	7.84838
	0.407191  	7.81288
	0.410312  	7.77038
	0.413433  	7.72198
	0.416554  	7.66888
	0.419675  	7.61168
	0.422796  	7.55118
	0.425917  	7.48768
	0.429038  	7.42168
	0.432159  	7.35348
 	0.43528  	7.28318
	0.438402  	7.21108
	0.441523  	7.13708
	0.444644  	7.06138
	0.447765  	6.98388
	0.450886  	6.90468
	0.454007  	6.82358
	0.457128  	6.74068
	0.460249  	6.65598
 	0.46337  	6.56928
	0.466491  	6.48058
	0.469612  	6.38998
	0.472733  	6.29738
	0.475854  	6.20288
	0.478975  	6.10638
	0.482096  	6.00808
	0.485217  	5.90808
	0.488338  	5.80638
	0.491459  	5.70338
	0.494581  	5.59918
	0.497702  	5.49388
	0.500823  	5.41618
	0.503944  	5.33478
	0.507065  	5.24358
	0.510186  	5.14438
	0.513307  	5.03928
	0.516428  	4.93058
	0.519549  	4.82028
 	0.52267  	4.70998
	0.525791  	4.60138
	0.528912  	4.49578
	0.532033  	4.39428
	0.535154  	4.29788
	0.538275  	4.20738
	0.541396  	4.12358
	0.544517  	4.04708
	0.547639  	3.97838
 	0.55076  	3.91888
	0.553881  	3.86768
	0.557002  	3.82478
	0.560123  	3.79078
	0.563244  	3.76618
	0.566365  	3.75128
	0.569486  	3.74628

       	0  	10.0069
  0.00254833  	9.99338
  0.00509666  	9.95398
	0.007645  	9.89208
   0.0101933  	9.81198
   0.0127417  	9.71818
 	0.01529  	9.61488
   0.0178383  	9.50568
   0.0203867  	9.39378
	0.022935  	9.28198
   0.0254833  	9.17298
   0.0280317  	9.06948
 	0.03058  	8.97378
   0.0331283  	8.88838
   0.0356767  	8.81518
	0.038225  	8.75558
   0.0407733  	8.70998
   0.0433217  	8.67778
 	0.04587  	8.65798
   0.0484183  	8.64898
   0.0509667  	8.64908
	0.053515  	8.65678
   0.0560633  	8.67058
   0.0586117  	8.68948
 	0.06116  	8.71218
   0.0637083  	8.73788
   0.0662567  	8.76558
	0.068805  	8.79448
   0.0713533  	8.82378
   0.0739016  	8.85228
 	0.07645  	8.87908
   0.0789983  	8.90288
   0.0815466  	8.89278
	0.084095  	8.88358
   0.0866433  	8.88088
   0.0891916  	8.88448
 	0.09174  	8.89428
   0.0942883  	8.89038
   0.0968366  	8.84758
	0.099385  	8.79138
	0.101933  	8.72318
	0.104482  	8.64478
 	0.10703  	8.55848
	0.109578  	8.46668
	0.112127  	8.37138
	0.114675  	8.27478
	0.117223  	8.17858
	0.119772  	8.08418
 	0.12232  	7.99298
	0.124868  	7.90598
	0.127417  	7.82438
	0.129965  	7.74888
	0.132513  	7.68038
	0.135062  	7.61948
 	0.13761  	7.56688
	0.140158  	7.52298
	0.142707  	7.48848
	0.145255  	7.46348
	0.147803  	7.44838
	0.150352  	7.44338
	0.150352  	7.44338
	0.153294  	7.45008
	0.156237  	7.47018
	0.159179  	7.50328
	0.162122  	7.54888
	0.165064  	7.60628
	0.168007  	7.67488
 	0.17095  	7.75348
	0.173892  	7.84128
	0.176835  	7.93658
	0.179777  	8.03718
 	0.18272  	8.13708
	0.185662  	8.21328
	0.188605  	8.19468
	0.191547  	8.08958
 	0.19449  	7.96488
	0.197433  	7.84028
	0.200375  	7.72108
	0.203318  	7.60988
 	0.20626  	7.50828
	0.209203  	7.41768
	0.212145  	7.33938
	0.215088  	7.27448
	0.218031  	7.22388
	0.220973  	7.18848
	0.223916  	7.16878
	0.226858  	7.16498
	0.229801  	7.17718
	0.232743  	7.20498
	0.235686  	7.24758
	0.238628  	7.30428
	0.241571  	7.37378
	0.244514  	7.45508
	0.247456  	7.54698
	0.250399  	7.64808
	0.253341  	7.75738
	0.256284  	7.87378
	0.259226  	7.99618
	0.262169  	8.12378
	0.265112  	8.25568
	0.268054  	8.39098
	0.270997  	8.52918
	0.273939  	8.66938
	0.276882  	8.81108
	0.279824  	8.95358
	0.282767  	9.09628
	0.285709  	9.23848
	0.288652  	9.37938
	0.291595  	9.51828
	0.294537  	9.65418
 	0.29748  	9.78608
	0.300422  	9.91288
	0.303365   	10.033
	0.306307  	10.1446
 	0.30925  	10.2458
	0.312192   	10.334
	0.315135  	10.4067
	0.318078  	10.4612
 	0.32102   	10.495
	0.323963  	10.5064
	0.323963  	10.5064
	0.325003  	10.5065
	0.326043  	10.5068
	0.327084  	10.5071
	0.328124  	10.5072
	0.329165  	10.5069
	0.330205   	10.506
	0.331245  	10.5041
	0.332286  	10.5009
	0.333326  	10.4962
	0.334366  	10.4897
	0.335407  	10.4812
	0.336447  	10.4704
	0.337487  	10.4573
	0.338528  	10.4417
	0.339568  	10.4236
	0.340608   	10.403
	0.341649  	10.3798
	0.342689  	10.3542
	0.343729  	10.3262
 	0.34477  	10.2959
 	0.34581  	10.2634
 	0.34685  	10.2289
	0.347891  	10.1925
	0.348931  	10.1543
	0.349972  	10.1144
	0.351012  	10.0731
	0.352052  	10.0305
	0.353093  	9.98648
	0.354133  	9.94148
	0.355173  	9.89538
	0.356214  	9.84838
	0.357254  	9.80058
	0.358294  	9.75198
	0.359335  	9.70278
	0.360375  	9.65298
	0.361415  	9.60268
	0.362456  	9.55198
	0.363496  	9.50078
	0.364536  	9.44928
	0.365577  	9.39748
	0.366617  	9.34538
	0.367658  	9.29318
	0.368698  	9.24068
	0.369738  	9.18808
	0.370779  	9.13538
	0.371819  	9.08268
	0.372859  	9.02988
  	0.3739  	8.97698
 	0.37494  	8.92418
 	0.37598  	8.87138
	0.377021  	8.81868
	0.378061  	8.76598
	0.379101  	8.71338
	0.380142  	8.66088
	0.381182  	8.60858
	0.382222  	8.55648
	0.383263  	8.50448
	0.384303  	8.45268
	0.385344  	8.40118
	0.385344  	8.40118
	0.388465  	8.48278
	0.391586  	8.61158
	0.394707  	8.76728
	0.397828  	8.93668
	0.400949  	9.11238
 	0.40407  	9.28968
	0.407191  	9.46528
	0.410312  	9.63598
	0.413433  	9.79838
	0.416554  	9.94838
	0.419675   	10.081
	0.422796  	10.1898
	0.425917   	10.268
	0.429038  	10.3086
	0.432159  	10.3073
 	0.43528  	10.2641
	0.438402  	10.1832
	0.441523  	10.0719
	0.444644  	9.93778
	0.447765  	9.78738
	0.450886  	9.62578
	0.454007  	9.45698
	0.457128  	9.28408
	0.460249  	9.10948
 	0.46337  	8.93508
	0.466491  	8.76268
	0.469612  	8.59408
	0.472733  	8.43098
	0.475854  	8.27518
	0.478975  	8.12878
	0.482096  	7.99418
	0.485217  	7.87408
	0.488338  	7.77108
	0.491459  	7.68798
	0.494581  	7.62728
	0.497702  	7.59038
	0.500823  	7.57788
	0.503944  	7.58918
	0.507065  	7.62268
	0.510186  	7.67638
	0.513307  	7.74778
	0.516428  	7.83428
	0.519549  	7.93338
 	0.52267  	8.04208
	0.525791  	8.15538
	0.528912  	8.25878
	0.532033  	8.29098
	0.535154  	8.21358
	0.538275  	8.10438
	0.541396  	7.99348
	0.544517  	7.88788
	0.547639  	7.79038
 	0.55076  	7.70278
	0.553881  	7.62618
	0.557002  	7.56178
	0.560123  	7.51068
	0.563244  	7.47348
	0.566365  	7.45098
	0.569486  	7.44338

       	0  	11.6023
  0.00254833  	11.5809
  0.00509666  	11.5215
	0.007645  	11.4341
   0.0101933  	11.3285
   0.0127417   	11.212
 	0.01529  	11.0894
   0.0178383  	10.9636
   0.0203867  	10.8368
	0.022935  	10.7101
   0.0254833  	10.5846
   0.0280317  	10.4611
 	0.03058  	10.3399
   0.0331283  	10.2217
   0.0356767  	10.1067
	0.038225  	9.99528
   0.0407733  	9.88788
   0.0433217  	9.78458
 	0.04587  	9.68578
   0.0484183  	9.59168
   0.0509667  	9.50258
	0.053515  	9.41868
   0.0560633  	9.34028
   0.0586117  	9.26748
 	0.06116  	9.20048
   0.0637083  	9.13968
   0.0662567  	9.08498
	0.068805  	9.03658
   0.0713533  	8.99468
   0.0739016  	8.95938
 	0.07645  	8.93058
   0.0789983  	8.90838
   0.0815466  	8.89278
	0.084095  	8.88358
   0.0866433  	8.88088
   0.0891916  	8.88448
 	0.09174  	8.89428
   0.0942883  	8.90998
   0.0968366  	8.93138
	0.099385  	8.95848
	0.101933  	8.99078
	0.104482  	9.02808
 	0.10703  	9.07018
	0.109578  	9.11678
	0.112127  	9.16758
	0.114675  	9.22218
	0.117223  	9.28008
	0.119772  	9.34108
 	0.12232  	9.40468
	0.124868  	9.47018
	0.127417  	9.53688
	0.129965  	9.60418
	0.132513  	9.67078
	0.135062  	9.73558
 	0.13761  	9.79678
	0.140158  	9.85248
	0.142707  	9.90008
	0.145255  	9.93698
	0.147803  	9.96038
	0.150352  	9.96848
	0.150352  	9.96848
	0.153294  	9.94598
	0.156237  	9.88208
	0.159179  	9.78508
	0.162122  	9.66428
	0.165064  	9.52738
	0.168007  	9.38008
 	0.17095  	9.22678
	0.173892  	9.07078
	0.176835  	8.91488
	0.179777  	8.76268
 	0.18272  	8.62068
	0.185662  	8.51258
	0.188605  	8.50988
	0.191547  	8.60498
 	0.19449  	8.73118
	0.197433  	8.86968
	0.200375  	9.01558
	0.203318  	9.16698
 	0.20626  	9.32288
	0.209203  	9.48278
	0.212145  	9.64598
	0.215088  	9.81218
	0.218031  	9.98098
	0.220973   	10.152
	0.223916  	10.3249
	0.226858  	10.4993
	0.229801  	10.6748
	0.232743  	10.8361
	0.235686  	10.8987
	0.238628  	10.9635
	0.241571  	11.0302
	0.244514  	11.0991
	0.247456    	11.17
	0.250399  	11.2429
	0.253341  	11.3177
	0.256284  	11.3946
	0.259226  	11.4733
	0.262169  	11.5538
	0.265112  	11.6362
	0.268054  	11.7202
	0.270997  	11.8059
	0.273939   	11.893
	0.276882  	11.9816
	0.279824  	12.0714
	0.282767  	12.1622
	0.285709  	12.2538
	0.288652  	12.3459
	0.291595  	12.4381
	0.294537  	12.5299
 	0.29748  	12.6207
	0.300422  	12.7097
	0.303365  	12.7958
	0.306307  	12.8776
 	0.30925  	12.9376
	0.312192  	12.8838
	0.315135   	12.837
	0.318078  	12.8005
 	0.32102  	12.7773
	0.323963  	12.7693
	0.323963  	12.7693
	0.325003  	12.7621
	0.326043  	12.7433
	0.327084  	12.7179
	0.328124  	12.6898
	0.329165  	12.6613
	0.330205  	12.6337
	0.331245  	12.6077
	0.332286   	12.584
	0.333326  	12.5628
	0.334366  	12.5445
	0.335407  	12.5292
	0.336447   	12.517
	0.337487  	12.5081
	0.338528  	12.5023
	0.339568  	12.4644
	0.340608  	12.4194
	0.341649  	12.3738
	0.342689  	12.3278
	0.343729  	12.2815
 	0.34477  	12.2347
 	0.34581  	12.1876
 	0.34685  	12.1403
	0.347891  	12.0926
	0.348931  	12.0447
	0.349972  	11.9966
	0.351012  	11.9483
	0.352052  	11.8999
	0.353093  	11.8513
	0.354133  	11.8026
	0.355173  	11.7538
	0.356214  	11.7049
	0.357254   	11.656
	0.358294  	11.6071
	0.359335  	11.5581
	0.360375  	11.5092
	0.361415  	11.4603
	0.362456  	11.4114
	0.363496  	11.3626
	0.364536  	11.3138
	0.365577  	11.2651
	0.366617  	11.2165
	0.367658   	11.168
	0.368698  	11.1197
	0.369738  	11.0714
	0.370779  	11.0233
	0.371819  	10.9753
	0.372859  	10.9275
  	0.3739  	10.8799
 	0.37494  	10.8325
 	0.37598  	10.7852
	0.377021  	10.7381
	0.378061  	10.6912
	0.379101  	10.6446
	0.380142  	10.5981
	0.381182  	10.5519
	0.382222  	10.5059
	0.383263  	10.4601
	0.384303  	10.4146
	0.385344  	10.3694
	0.385344  	10.3694
	0.388465  	10.4241
	0.391586  	10.4978
	0.394707  	10.5894
	0.397828  	10.6975
	0.400949  	10.8203
 	0.40407  	10.9559
	0.407191  	11.1021
	0.410312   	11.257
	0.413433  	11.4183
	0.416554  	11.5835
	0.419675  	11.7495
	0.422796  	11.9116
	0.425917  	12.0623
	0.429038  	12.1505
	0.432159   	12.075
 	0.43528  	12.0143
	0.438402  	11.9609
	0.441523  	11.9068
	0.444644  	11.8467
	0.447765  	11.7783
	0.450886  	11.7018
	0.454007  	11.6184
	0.457128  	11.5294
	0.460249  	11.4011
 	0.46337  	11.2737
	0.466491   	11.151
	0.469612  	11.0334
	0.472733  	10.9214
	0.475854  	10.8153
	0.478975  	10.7153
	0.482096  	10.6216
	0.485217  	10.5342
	0.488338  	10.4401
	0.491459  	10.3083
	0.494581  	10.1716
	0.497702  	10.0305
	0.500823  	9.88538
	0.503944  	9.73698
	0.507065  	9.58628
	0.510186  	9.43428
	0.513307  	9.28198
	0.516428  	9.13048
	0.519549  	8.98138
 	0.52267  	8.83658
	0.525791  	8.70028
	0.528912  	8.58638
	0.532033  	8.55568
	0.535154  	8.64618
	0.538275  	8.77968
	0.541396  	8.92558
	0.544517  	9.07638
	0.547639  	9.22848
 	0.55076  	9.37898
	0.553881  	9.52448
	0.557002  	9.66088
	0.560123  	9.78208
	0.563244  	9.88028
	0.566365  	9.94548
	0.569486  	9.96848

       	0  	11.6023
  0.00254833  	11.5809
  0.00509666  	11.5215
	0.007645  	11.4341
   0.0101933  	11.3285
   0.0127417   	11.212
 	0.01529  	11.0894
   0.0178383  	10.9636
   0.0203867  	10.8368
	0.022935  	10.7101
   0.0254833  	10.5846
   0.0280317  	10.4611
 	0.03058  	10.3399
   0.0331283  	10.2217
   0.0356767  	10.1067
	0.038225  	9.99528
   0.0407733  	9.88788
   0.0433217  	9.78458
 	0.04587  	9.68578
   0.0484183  	9.59168
   0.0509667  	9.50258
	0.053515  	9.41868
   0.0560633  	9.34028
   0.0586117  	9.26748
 	0.06116  	9.20048
   0.0637083  	9.13968
   0.0662567  	9.08498
	0.068805  	9.03658
   0.0713533  	8.99468
   0.0739016  	8.95938
 	0.07645  	8.93058
   0.0789983  	8.90838
   0.0815466  	8.92218
	0.084095  	8.93538
   0.0866433  	8.94058
   0.0891916  	8.93598
 	0.09174  	8.91968
   0.0942883  	8.90998
   0.0968366  	8.93138
	0.099385  	8.95848
	0.101933  	8.99078
	0.104482  	9.02808
 	0.10703  	9.07018
	0.109578  	9.11678
	0.112127  	9.16758
	0.114675  	9.22218
	0.117223  	9.28008
	0.119772  	9.34108
 	0.12232  	9.40468
	0.124868  	9.47018
	0.127417  	9.53688
	0.129965  	9.60418
	0.132513  	9.67078
	0.135062  	9.73558
 	0.13761  	9.79678
	0.140158  	9.85248
	0.142707  	9.90008
	0.145255  	9.93698
	0.147803  	9.96038
	0.150352  	9.96848
	0.150352  	9.96848
	0.153294  	9.96958
	0.156237  	9.97298
	0.159179  	9.97848
	0.162122  	9.98628
	0.165064  	9.99628
	0.168007  	10.0085
 	0.17095   	10.023
	0.173892  	10.0397
	0.176835  	10.0586
	0.179777  	10.0797
 	0.18272   	10.103
	0.185662  	10.1286
	0.188605  	10.1563
	0.191547  	10.1863
 	0.19449  	10.2185
	0.197433  	10.2529
	0.200375  	10.2895
	0.203318  	10.3283
 	0.20626  	10.3692
	0.209203  	10.4124
	0.212145  	10.4578
	0.215088  	10.5054
	0.218031  	10.5551
	0.220973   	10.607
	0.223916  	10.6611
	0.226858  	10.7173
	0.229801  	10.7756
	0.232743   	10.851
	0.235686  	11.0275
	0.238628  	11.2036
	0.241571  	11.3789
	0.244514  	11.5528
	0.247456  	11.7244
	0.250399  	11.8931
	0.253341  	12.0578
	0.256284  	12.2174
	0.259226  	12.3707
	0.262169  	12.5163
	0.265112  	12.6527
	0.268054  	12.7782
	0.270997  	12.8909
	0.273939   	12.989
	0.276882   	13.071
	0.279824  	13.1355
	0.282767  	13.1815
	0.285709  	13.2088
	0.288652  	13.2178
	0.291595  	13.2098
	0.294537  	13.1866
 	0.29748  	13.1506
	0.300422  	13.1045
	0.303365  	13.0514
	0.306307  	12.9946
 	0.30925  	12.9535
	0.312192  	13.0213
	0.315135  	13.0784
	0.318078  	13.0514
 	0.32102  	13.0204
	0.323963  	13.0099
	0.323963  	13.0099
	0.325003  	13.0011
	0.326043  	12.9786
	0.327084  	12.9488
	0.328124  	12.9152
	0.329165  	12.8793
	0.330205  	12.8418
	0.331245   	12.803
	0.332286  	12.7633
	0.333326  	12.7227
	0.334366  	12.6814
	0.335407  	12.6392
	0.336447  	12.5964
	0.337487   	12.553
	0.338528   	12.509
	0.339568  	12.4999
	0.340608  	12.5006
	0.341649  	12.5043
	0.342689  	12.5111
	0.343729  	12.5208
 	0.34477  	12.5331
 	0.34581   	12.548
 	0.34685  	12.5653
	0.347891  	12.5848
	0.348931  	12.6063
	0.349972  	12.6297
	0.351012  	12.6547
	0.352052  	12.6814
	0.353093  	12.7094
	0.354133  	12.7387
	0.355173  	12.7691
	0.356214  	12.8005
	0.357254  	12.8328
	0.358294  	12.8659
	0.359335  	12.8996
	0.360375  	12.9339
	0.361415  	12.9687
	0.362456  	13.0039
	0.363496  	13.0394
	0.364536  	13.0751
	0.365577   	13.111
	0.366617  	13.1469
	0.367658  	13.1829
	0.368698  	13.2189
	0.369738  	13.2547
	0.370779  	13.2903
	0.371819  	13.3257
	0.372859  	13.3608
  	0.3739  	13.3955
 	0.37494  	13.4298
 	0.37598  	13.4635
	0.377021  	13.4967
	0.378061  	13.5292
	0.379101   	13.561
	0.380142  	13.5919
	0.381182   	13.622
	0.382222  	13.6511
	0.383263   	13.679
	0.384303  	13.7059
	0.385344  	13.7314
	0.385344  	13.7314
	0.388465  	13.6941
	0.391586  	13.6331
	0.394707  	13.5507
	0.397828  	13.4495
	0.400949  	13.3325
 	0.40407  	13.2029
	0.407191  	13.0641
	0.410312  	12.9193
	0.413433  	12.7723
	0.416554  	12.6268
	0.419675  	12.4873
	0.422796  	12.3585
	0.425917  	12.2451
	0.429038  	12.1892
	0.432159  	12.2738
 	0.43528  	12.2978
	0.438402  	12.2589
	0.441523  	12.1735
	0.444644  	12.0608
	0.447765   	11.934
	0.450886  	11.8009
	0.454007  	11.6661
	0.457128  	11.5322
	0.460249   	11.436
 	0.46337   	11.339
	0.466491  	11.2388
	0.469612  	11.1356
	0.472733  	11.0293
	0.475854  	10.9197
	0.478975  	10.8064
	0.482096  	10.6889
	0.485217  	10.5669
	0.488338  	10.4533
	0.491459  	10.3787
	0.494581  	10.3104
	0.497702  	10.2484
	0.500823  	10.1925
	0.503944  	10.1426
	0.507065  	10.0985
	0.510186    	10.06
	0.513307  	10.0269
	0.516428  	9.99898
	0.519549  	9.97588
 	0.52267  	9.95748
	0.525791  	9.94328
	0.528912  	9.93318
	0.532033  	9.92668
	0.535154  	9.92348
	0.538275  	9.92308
	0.541396  	9.92518
	0.544517  	9.92928
	0.547639  	9.93478
 	0.55076  	9.94118
	0.553881  	9.94788
	0.557002  	9.95438
	0.560123  	9.96018
	0.563244  	9.96468
	0.566365  	9.96748
	0.569486  	9.96848

       	0  	12.0094
  0.00254833  	12.0234
  0.00509666  	12.0642
	0.007645  	12.1283
   0.0101933  	12.2114
   0.0127417  	12.3087
 	0.01529  	12.4159
   0.0178383  	12.5291
   0.0203867  	12.6446
	0.022935  	12.7592
   0.0254833  	12.8697
   0.0280317  	12.9727
 	0.03058  	13.0645
   0.0331283  	13.1414
   0.0356767  	13.1995
	0.038225  	13.2351
   0.0407733  	13.2453
   0.0433217  	13.2285
 	0.04587  	13.1846
   0.0484183  	13.1152
   0.0509667  	13.0232
	0.053515  	12.9119
   0.0560633  	12.7852
   0.0586117  	12.6465
 	0.06116  	12.4989
   0.0637083  	12.3452
   0.0662567  	12.1878
	0.068805  	12.0289
   0.0713533  	11.8703
   0.0739016  	11.7138
 	0.07645  	11.5614
   0.0789983  	11.4146
   0.0815466  	11.2757
	0.084095  	11.1465
   0.0866433  	11.0294
   0.0891916  	10.9265
 	0.09174  	10.8399
   0.0942883  	10.7711
   0.0968366  	10.7212
	0.099385  	10.6898
	0.101933   	10.676
	0.104482  	10.6781
 	0.10703   	10.694
	0.109578  	10.7213
	0.112127  	10.7581
	0.114675  	10.8023
	0.117223  	10.8523
	0.119772  	10.9064
 	0.12232  	10.9634
	0.124868  	11.0218
	0.127417  	11.0805
	0.129965  	11.1382
	0.132513  	11.1935
	0.135062  	11.2453
 	0.13761  	11.2922
	0.140158  	11.3329
	0.142707  	11.3662
	0.145255  	11.3909
	0.147803  	11.4061
	0.150352  	11.4112
	0.150352  	11.4112
	0.153294  	11.4135
	0.156237  	11.4206
	0.159179  	11.4323
	0.162122  	11.4488
	0.165064  	11.4699
	0.168007  	11.4958
 	0.17095  	11.5263
	0.173892  	11.5616
	0.176835  	11.6016
	0.179777  	11.6463
 	0.18272  	11.6957
	0.185662  	11.7499
	0.188605  	11.8088
	0.191547  	11.8724
 	0.19449  	11.9407
	0.197433  	12.0137
	0.200375  	12.0915
	0.203318   	12.174
 	0.20626  	12.2613
	0.209203  	12.3532
	0.212145  	12.4498
	0.215088  	12.5511
	0.218031  	12.6571
	0.220973  	12.7678
	0.223916  	12.8831
	0.226858  	13.0029
	0.229801  	13.1274
	0.232743  	13.2564
	0.235686  	13.3898
	0.238628  	13.5277
	0.241571  	13.6699
	0.244514  	13.8164
	0.247456  	13.9669
	0.250399  	14.1213
	0.253341  	14.2793
	0.256284  	14.4402
	0.259226   	14.603
	0.262169  	14.7651
	0.265112    	14.92
	0.268054  	15.0442
	0.270997  	15.0697
	0.273939  	14.9702
	0.276882  	14.8203
	0.279824  	14.6576
	0.282767  	14.4926
	0.285709  	14.3293
	0.288652  	14.1697
	0.291595  	14.0149
	0.294537  	13.8662
 	0.29748  	13.7247
	0.300422  	13.5914
	0.303365  	13.4678
	0.306307  	13.3553
 	0.30925  	13.2557
	0.312192  	13.1706
	0.315135  	13.1019
	0.318078  	13.0514
 	0.32102  	13.0204
	0.323963  	13.0099
	0.323963  	13.0099
	0.325003   	13.019
	0.326043  	13.0436
	0.327084  	13.0785
	0.328124  	13.1201
	0.329165  	13.1661
	0.330205  	13.2151
	0.331245  	13.2664
	0.332286  	13.3196
	0.333326  	13.3742
	0.334366  	13.4302
	0.335407  	13.4873
	0.336447   	13.529
	0.337487  	13.5666
	0.338528  	13.6047
	0.339568  	13.6434
	0.340608  	13.6828
	0.341649  	13.7227
	0.342689  	13.7633
	0.343729  	13.8045
 	0.34477  	13.8463
 	0.34581  	13.8887
 	0.34685  	13.9317
	0.347891  	13.9754
	0.348931  	14.0196
	0.349972  	14.0644
	0.351012  	14.1097
	0.352052  	14.1556
	0.353093   	14.202
	0.354133  	14.2488
	0.355173  	14.2962
	0.356214  	14.3439
	0.357254  	14.3921
	0.358294  	14.4407
	0.359335  	14.4896
	0.360375  	14.5389
	0.361415  	14.5885
	0.362456  	14.6384
	0.363496  	14.6886
	0.364536   	14.739
	0.365577  	14.7897
	0.366617  	14.8406
	0.367658  	14.8916
	0.368698  	14.9429
	0.369738  	14.9943
	0.370779  	15.0458
	0.371819  	15.0975
	0.372859  	15.1492
  	0.3739  	15.2011
 	0.37494   	15.253
 	0.37598  	15.3049
	0.377021  	15.3569
	0.378061  	15.3974
	0.379101  	15.3813
	0.380142   	15.361
	0.381182  	15.3369
	0.382222  	15.3096
	0.383263  	15.2795
	0.384303  	15.2468
	0.385344   	15.212
	0.385344   	15.212
	0.388465  	15.1866
	0.391586  	15.0778
	0.394707  	14.9343
	0.397828  	14.7783
	0.400949  	14.6189
 	0.40407  	14.4604
	0.407191  	14.3053
	0.410312  	14.1552
	0.413433  	14.0117
	0.416554  	13.8761
	0.419675  	13.7502
	0.422796   	13.636
	0.425917   	13.536
	0.429038  	13.4535
	0.432159  	13.3917
 	0.43528  	13.3536
	0.438402  	13.3401
	0.441523  	13.3485
	0.444644  	13.3717
	0.447765  	13.3989
	0.450886  	13.4176
	0.454007  	13.4158
	0.457128  	13.3857
	0.460249  	13.3253
 	0.46337  	13.2377
	0.466491  	13.1291
	0.469612  	13.0058
	0.472733  	12.8738
	0.475854  	12.7378
	0.478975  	12.6016
	0.482096  	12.4681
	0.485217  	12.3397
	0.488338  	12.2181
	0.491459  	12.1047
	0.494581  	12.0003
	0.497702  	11.9053
	0.500823  	11.8198
	0.503944  	11.7437
	0.507065  	11.6766
	0.510186  	11.6181
	0.513307  	11.5677
	0.516428  	11.5247
	0.519549  	11.4887
 	0.52267   	11.459
	0.525791  	11.4352
	0.528912  	11.4167
	0.532033  	11.4029
	0.535154  	11.3935
	0.538275  	11.3877
	0.541396  	11.3852
	0.544517  	11.3853
	0.547639  	11.3875
 	0.55076  	11.3911
	0.553881  	11.3956
	0.557002  	11.4003
	0.560123  	11.4046
	0.563244  	11.4081
	0.566365  	11.4104
	0.569486  	11.4112

       	0  	12.7802
  0.00254833  	12.8041
  0.00509666  	12.8713
	0.007645  	12.9716
   0.0101933  	13.0953
   0.0127417  	13.2352
 	0.01529  	13.3864
   0.0178383  	13.5461
   0.0203867  	13.7122
	0.022935  	13.8835
   0.0254833  	14.0589
   0.0280317   	14.238
 	0.03058  	14.4201
   0.0331283  	14.6047
   0.0356767  	14.7915
	0.038225  	14.9801
   0.0407733  	15.1698
   0.0433217  	15.3598
 	0.04587  	15.5491
   0.0484183  	15.7354
   0.0509667  	15.9145
	0.053515  	16.0773
   0.0560633  	16.2024
   0.0586117  	16.2505
 	0.06116  	16.1982
   0.0637083  	16.0764
   0.0662567  	15.9221
	0.068805  	15.7535
   0.0713533  	15.5788
   0.0739016  	15.4015
 	0.07645  	15.2234
   0.0789983  	15.0457
   0.0815466  	14.8689
	0.084095  	14.6934
   0.0866433  	14.5195
   0.0891916  	14.3475
 	0.09174  	14.1775
   0.0942883  	14.0096
   0.0968366  	13.8439
	0.099385  	13.6807
	0.101933  	13.5199
	0.104482  	13.3618
 	0.10703  	13.2063
	0.109578  	13.0539
	0.112127  	12.9044
	0.114675  	12.7583
	0.117223  	12.6156
	0.119772  	12.4768
 	0.12232  	12.3421
	0.124868   	12.212
	0.127417  	12.0872
	0.129965  	11.9682
	0.132513  	11.8561
	0.135062  	11.7521
 	0.13761  	11.6577
	0.140158  	11.5751
	0.142707  	11.5065
	0.145255  	11.4547
	0.147803  	11.4222
	0.150352  	11.4112
	0.150352  	11.4112
	0.153294  	11.4135
	0.156237  	11.4206
	0.159179  	11.4323
	0.162122  	11.4488
	0.165064  	11.4699
	0.168007  	11.4958
 	0.17095  	11.5263
	0.173892  	11.5616
	0.176835  	11.6016
	0.179777  	11.6463
 	0.18272  	11.6957
	0.185662  	11.7499
	0.188605  	11.8088
	0.191547  	11.8724
 	0.19449  	11.9407
	0.197433  	12.0137
	0.200375  	12.0915
	0.203318   	12.174
 	0.20626  	12.2613
	0.209203  	12.3532
	0.212145  	12.4498
	0.215088  	12.5511
	0.218031  	12.6571
	0.220973  	12.7678
	0.223916  	12.8831
	0.226858  	13.0029
	0.229801  	13.1274
	0.232743  	13.2564
	0.235686  	13.3898
	0.238628  	13.5277
	0.241571  	13.6699
	0.244514  	13.8164
	0.247456  	13.9669
	0.250399  	14.1213
	0.253341  	14.2793
	0.256284  	14.4402
	0.259226   	14.603
	0.262169  	14.7651
	0.265112    	14.92
	0.268054  	15.0442
	0.270997  	15.0697
	0.273939  	14.9702
	0.276882  	14.8203
	0.279824  	14.6576
	0.282767  	14.4926
	0.285709  	14.3293
	0.288652  	14.1697
	0.291595  	14.0149
	0.294537  	13.8662
 	0.29748  	13.7247
	0.300422  	13.5914
	0.303365  	13.4678
	0.306307  	13.3553
 	0.30925  	13.2557
	0.312192  	13.1706
	0.315135  	13.1019
	0.318078  	13.1221
 	0.32102  	13.1496
	0.323963   	13.159
	0.323963   	13.159
	0.325003  	13.1675
	0.326043  	13.1889
	0.327084  	13.2168
	0.328124  	13.2479
	0.329165  	13.2807
	0.330205  	13.3145
	0.331245  	13.3489
	0.332286   	13.384
	0.333326  	13.4195
	0.334366  	13.4555
	0.335407   	13.492
	0.336447  	13.5453
	0.337487  	13.6041
	0.338528  	13.6637
	0.339568  	13.7239
	0.340608  	13.7846
	0.341649  	13.8459
	0.342689  	13.9075
	0.343729  	13.9695
 	0.34477  	14.0317
 	0.34581  	14.0941
 	0.34685  	14.1567
	0.347891  	14.2193
	0.348931  	14.2819
	0.349972  	14.3444
	0.351012  	14.4068
	0.352052  	14.4689
	0.353093  	14.5307
	0.354133   	14.592
	0.355173  	14.6528
	0.356214  	14.7129
	0.357254  	14.7722
	0.358294  	14.8306
	0.359335  	14.8878
	0.360375  	14.9437
	0.361415  	14.9981
	0.362456  	15.0507
	0.363496  	15.1012
	0.364536  	15.1494
	0.365577  	15.1948
	0.366617  	15.2371
	0.367658  	15.2759
	0.368698  	15.3108
	0.369738  	15.3413
	0.370779   	15.367
	0.371819  	15.3877
	0.372859   	15.403
  	0.3739  	15.4127
 	0.37494  	15.4169
 	0.37598  	15.4156
	0.377021   	15.409
	0.378061  	15.4089
	0.379101   	15.461
	0.380142   	15.513
	0.381182   	15.565
	0.382222   	15.617
	0.383263  	15.6689
	0.384303  	15.7208
	0.385344  	15.7726
	0.385344  	15.7726
	0.388465  	15.6935
	0.391586  	15.5678
	0.394707  	15.4104
	0.397828  	15.2338
	0.400949  	15.0465
 	0.40407  	14.8539
	0.407191  	14.6598
	0.410312  	14.4667
	0.413433  	14.2769
	0.416554  	14.0928
	0.419675  	13.9173
	0.422796  	13.7549
	0.425917  	13.6128
	0.429038  	13.5033
	0.432159  	13.4446
 	0.43528   	13.455
	0.438402  	13.5365
	0.441523  	13.6726
	0.444644  	13.8438
	0.447765  	14.0365
	0.450886  	14.2416
	0.454007  	14.4522
	0.457128  	14.6592
	0.460249  	14.8389
 	0.46337  	14.9207
	0.466491  	14.8559
	0.469612   	14.722
	0.472733  	14.5686
	0.475854  	14.4099
	0.478975  	14.2507
	0.482096  	14.0927
	0.485217   	13.937
	0.488338  	13.7841
	0.491459  	13.6343
	0.494581  	13.4877
	0.497702  	13.3447
	0.500823  	13.2052
	0.503944  	13.0694
	0.507065  	12.9375
	0.510186  	12.8095
	0.513307  	12.6856
	0.516428  	12.5658
	0.519549  	12.4504
 	0.52267  	12.3395
	0.525791  	12.2333
	0.528912  	12.1319
	0.532033  	12.0357
	0.535154  	11.9447
	0.538275  	11.8595
	0.541396  	11.7803
	0.544517  	11.7074
	0.547639  	11.6414
 	0.55076  	11.5827
	0.553881  	11.5318
	0.557002  	11.4892
	0.560123  	11.4555
	0.563244   	11.431
	0.566365  	11.4162
	0.569486  	11.4112

       	0  	12.7802
  0.00254833  	12.8041
  0.00509666  	12.8713
	0.007645  	12.9716
   0.0101933  	13.0953
   0.0127417  	13.2352
 	0.01529  	13.3864
   0.0178383  	13.5461
   0.0203867  	13.7122
	0.022935  	13.8835
   0.0254833  	14.0589
   0.0280317   	14.238
 	0.03058  	14.4201
   0.0331283  	14.6047
   0.0356767  	14.7915
	0.038225  	14.9801
   0.0407733  	15.1698
   0.0433217  	15.3598
 	0.04587  	15.5491
   0.0484183  	15.7354
   0.0509667  	15.9145
	0.053515  	16.0773
   0.0560633  	16.2024
   0.0586117  	16.2505
 	0.06116  	16.1982
   0.0637083  	16.0764
   0.0662567  	15.9221
	0.068805  	15.7535
   0.0713533  	15.5788
   0.0739016  	15.4015
 	0.07645  	15.2234
   0.0789983  	15.0457
   0.0815466  	14.8689
	0.084095  	14.6934
   0.0866433  	14.5195
   0.0891916  	14.3475
 	0.09174  	14.1775
   0.0942883  	14.0096
   0.0968366  	13.8439
	0.099385  	13.6807
	0.101933  	13.5199
	0.104482  	13.3618
 	0.10703  	13.2063
	0.109578  	13.0539
	0.112127  	12.9044
	0.114675  	12.7583
	0.117223  	12.6156
	0.119772  	12.4768
 	0.12232  	12.3421
	0.124868   	12.212
	0.127417  	12.0872
	0.129965  	11.9682
	0.132513  	11.8561
	0.135062  	11.7521
 	0.13761  	11.6577
	0.140158  	11.5751
	0.142707  	11.5065
	0.145255  	11.4547
	0.147803  	11.4222
	0.150352  	11.4112
	0.150352  	11.4112
	0.153294  	11.4289
	0.156237  	11.4788
	0.159179  	11.5524
	0.162122  	11.6409
	0.165064   	11.737
	0.168007  	11.8359
 	0.17095  	11.9342
	0.173892  	12.0303
	0.176835  	12.1235
	0.179777  	12.2134
 	0.18272  	12.3005
	0.185662  	12.3853
	0.188605  	12.4683
	0.191547  	12.5501
 	0.19449  	12.6315
	0.197433   	12.713
	0.200375  	12.7952
	0.203318  	12.8784
 	0.20626  	12.9632
	0.209203  	13.0498
	0.212145  	13.1386
	0.215088    	13.23
	0.218031   	13.324
	0.220973   	13.421
	0.223916  	13.5212
	0.226858  	13.6247
	0.229801  	13.7317
	0.232743  	13.8424
	0.235686  	13.9568
	0.238628  	14.0752
	0.241571  	14.1976
	0.244514  	14.3242
	0.247456  	14.4549
	0.250399  	14.5901
	0.253341  	14.7296
	0.256284  	14.8735
	0.259226  	15.0219
	0.262169  	15.1748
	0.265112   	15.332
	0.268054  	15.4936
	0.270997  	15.5342
	0.273939  	15.6388
	0.276882  	15.8016
	0.279824  	15.9854
	0.282767  	16.1796
	0.285709  	16.2014
	0.288652  	16.0508
	0.291595  	15.9048
	0.294537  	15.7639
 	0.29748  	15.6286
	0.300422  	15.4999
	0.303365  	15.3787
	0.306307  	15.2664
 	0.30925  	15.1648
	0.312192  	15.0759
	0.315135  	15.0025
	0.318078  	14.9471
 	0.32102  	14.9126
	0.323963  	14.9008
	0.323963  	14.9008
	0.325003  	14.9022
	0.326043  	14.9065
	0.327084  	14.9137
	0.328124  	14.9236
	0.329165  	14.9362
	0.330205  	14.9515
	0.331245  	14.9693
	0.332286  	14.9894
	0.333326  	15.0119
	0.334366  	15.0366
	0.335407  	15.0632
	0.336447  	15.0918
	0.337487  	15.1221
	0.338528  	15.1541
	0.339568  	15.1876
	0.340608  	15.2225
	0.341649  	15.2586
	0.342689  	15.2959
	0.343729  	15.3342
 	0.34477  	15.3735
 	0.34581  	15.4137
 	0.34685  	15.4546
	0.347891  	15.4962
	0.348931  	15.5384
	0.349972  	15.5812
	0.351012  	15.6244
	0.352052   	15.668
	0.353093  	15.7119
	0.354133  	15.7562
	0.355173  	15.8006
	0.356214  	15.8453
	0.357254  	15.8901
	0.358294   	15.935
	0.359335  	15.9799
	0.360375  	16.0249
	0.361415  	16.0698
	0.362456  	16.1148
	0.363496  	16.1596
	0.364536  	16.2044
	0.365577   	16.249
	0.366617  	16.2935
	0.367658  	16.3378
	0.368698   	16.382
	0.369738   	16.426
	0.370779  	16.4697
	0.371819  	16.5132
	0.372859  	16.4748
  	0.3739  	16.4284
 	0.37494  	16.3826
 	0.37598  	16.3374
	0.377021   	16.293
	0.378061  	16.2493
	0.379101  	16.2064
	0.380142  	16.1644
	0.381182  	16.1233
	0.382222  	16.0832
	0.383263  	16.0442
	0.384303  	16.0063
	0.385344  	15.9695
	0.385344  	15.9695
	0.388465  	16.0673
	0.391586  	16.2444
	0.394707  	16.4404
	0.397828  	16.6136
	0.400949  	16.7391
 	0.40407  	16.8177
	0.407191   	16.863
	0.410312  	16.8823
	0.413433   	16.876
	0.416554  	16.8408
	0.419675  	16.7745
	0.422796  	16.6783
	0.425917  	16.5573
	0.429038  	16.4185
	0.432159  	16.2691
 	0.43528  	16.1163
	0.438402  	15.9664
	0.441523  	15.8261
	0.444644  	15.7027
	0.447765  	15.6045
	0.450886  	15.5404
	0.454007  	15.5182
	0.457128  	15.5426
	0.460249  	15.4647
 	0.46337  	15.4439
	0.466491  	15.5776
	0.469612  	15.7879
	0.472733  	15.9752
	0.475854  	15.7934
	0.478975  	15.5982
	0.482096  	15.4037
	0.485217  	15.2122
	0.488338  	15.0243
	0.491459  	14.8404
	0.494581  	14.6604
	0.497702  	14.4843
	0.500823  	14.3122
	0.503944  	14.1438
	0.507065  	13.9791
	0.510186  	13.8179
	0.513307    	13.66
	0.516428  	13.5052
	0.519549  	13.3534
 	0.52267  	13.2041
	0.525791  	13.0572
	0.528912  	12.9124
	0.532033  	12.7692
	0.535154  	12.6276
	0.538275  	12.4872
	0.541396  	12.3479
	0.544517  	12.2099
	0.547639  	12.0736
 	0.55076  	11.9399
	0.553881  	11.8108
	0.557002  	11.6893
	0.560123  	11.5805
	0.563244  	11.4917
	0.566365  	11.4323
	0.569486  	11.4112

       	0  	18.8198
  0.00254833  	18.7831
  0.00509666  	18.6823
	0.007645   	18.537
   0.0101933  	18.3649
   0.0127417  	18.1783
 	0.01529  	17.9853
   0.0178383  	17.7912
   0.0203867  	17.5998
	0.022935  	17.4147
   0.0254833  	17.2387
   0.0280317  	17.0753
 	0.03058  	16.9277
   0.0331283  	16.7996
   0.0356767  	16.6949
	0.038225   	16.617
   0.0407733  	16.5688
   0.0433217   	16.552
 	0.04587  	16.5665
   0.0484183  	16.6108
   0.0509667   	16.682
	0.053515  	16.7766
   0.0560633  	16.8909
   0.0586117  	17.0217
 	0.06116   	17.093
   0.0637083  	17.2332
   0.0662567  	17.4099
	0.068805  	17.6045
   0.0713533  	17.7794
   0.0739016  	17.8933
 	0.07645  	17.9319
   0.0789983  	17.8666
   0.0815466  	17.7337
	0.084095  	17.5715
   0.0866433  	17.3978
   0.0891916    	17.22
 	0.09174  	17.0411
   0.0942883  	16.8631
   0.0968366  	16.6868
	0.099385  	16.5129
	0.101933  	16.3419
	0.104482  	16.1742
 	0.10703  	16.0101
	0.109578  	15.8501
	0.112127  	15.6943
	0.114675  	15.5432
	0.117223  	15.3973
	0.119772   	15.257
 	0.12232  	15.1229
	0.124868  	14.9956
	0.127417  	14.8757
	0.129965  	14.7642
	0.132513  	14.6619
	0.135062    	14.57
 	0.13761  	14.4893
	0.140158  	14.4213
	0.142707  	14.3668
	0.145255  	14.3271
	0.147803  	14.3029
	0.150352  	14.2948
	0.150352  	14.2948
	0.153294  	14.3056
	0.156237  	14.3382
	0.159179  	14.3924
	0.162122   	14.468
	0.165064  	14.5647
	0.168007  	14.6819
 	0.17095  	14.8187
	0.173892  	14.9741
	0.176835  	15.1468
	0.179777  	15.3356
 	0.18272  	15.5389
	0.185662  	15.7554
	0.188605  	15.9837
	0.191547  	16.2228
 	0.19449  	16.4714
	0.197433  	16.7287
	0.200375  	16.9938
	0.203318  	17.2659
 	0.20626  	17.5443
	0.209203  	17.8285
	0.212145  	18.1179
	0.215088  	18.4121
	0.218031  	18.7107
	0.220973  	18.8299
	0.223916  	18.6019
	0.226858  	18.3759
	0.229801  	18.1521
	0.232743  	17.9303
	0.235686  	17.7109
	0.238628  	17.4937
	0.241571  	17.2789
	0.244514  	17.0667
	0.247456  	16.8572
	0.250399  	16.6507
	0.253341  	16.4476
	0.256284  	16.2484
	0.259226  	16.0543
	0.262169   	15.868
	0.265112  	15.6961
	0.268054   	15.562
	0.270997  	15.5342
	0.273939  	15.6388
	0.276882  	15.8016
	0.279824  	15.9854
	0.282767  	16.1796
	0.285709  	16.3808
	0.288652  	16.5876
	0.291595  	16.7991
	0.294537  	17.0149
 	0.29748  	17.2349
	0.300422   	17.441
	0.303365  	17.6233
	0.306307  	17.8073
 	0.30925  	17.9932
	0.312192  	18.1796
	0.315135  	18.3636
	0.318078  	18.5369
 	0.32102  	18.6787
	0.323963  	18.7395
	0.323963  	18.7395
	0.325003  	18.7351
	0.326043   	18.722
	0.327084   	18.701
	0.328124  	18.6732
	0.329165  	18.6399
	0.330205  	18.6021
	0.331245  	18.5607
	0.332286  	18.5163
	0.333326  	18.4697
	0.334366  	18.4212
	0.335407  	18.3712
	0.336447    	18.32
	0.337487  	18.2678
	0.338528  	18.2148
	0.339568  	18.1612
	0.340608   	18.107
	0.341649  	18.0525
	0.342689  	17.9976
	0.343729  	17.9425
 	0.34477  	17.8873
 	0.34581  	17.8319
 	0.34685  	17.7765
	0.347891  	17.7211
	0.348931  	17.6657
	0.349972  	17.6104
	0.351012  	17.5552
	0.352052  	17.5003
	0.353093  	17.4455
	0.354133  	17.3909
	0.355173  	17.3367
	0.356214  	17.2827
	0.357254  	17.2291
	0.358294  	17.1758
	0.359335  	17.1229
	0.360375  	17.0704
	0.361415  	17.0183
	0.362456  	16.9666
	0.363496  	16.9154
	0.364536  	16.8646
	0.365577  	16.8142
	0.366617  	16.7643
	0.367658  	16.7148
	0.368698  	16.6658
	0.369738  	16.6173
	0.370779  	16.5693
	0.371819  	16.5217
	0.372859  	16.5565
  	0.3739  	16.5996
 	0.37494  	16.6423
 	0.37598  	16.6849
	0.377021  	16.7271
	0.378061  	16.7691
	0.379101  	16.8108
	0.380142  	16.8523
	0.381182  	16.8934
	0.382222  	16.9343
	0.383263  	16.9749
	0.384303  	17.0152
	0.385344  	17.0552
	0.385344  	17.0552
	0.388465  	17.0423
	0.391586  	17.0752
	0.394707  	17.1392
	0.397828  	17.2218
	0.400949  	17.3143
 	0.40407  	17.4105
	0.407191  	17.5053
	0.410312  	17.5927
	0.413433  	17.6633
	0.416554  	17.7007
	0.419675  	17.6814
	0.422796  	17.5929
	0.425917  	17.4504
	0.429038  	17.2776
	0.432159  	17.0901
 	0.43528  	16.8962
	0.438402  	16.7002
	0.441523  	16.5044
	0.444644  	16.3105
	0.447765  	16.1197
	0.450886  	15.9338
	0.454007  	15.7555
	0.457128  	15.5917
	0.460249  	15.6127
 	0.46337  	15.7228
	0.466491   	15.863
	0.469612   	16.006
	0.472733  	16.0247
	0.475854  	16.2737
	0.478975  	16.5301
	0.482096  	16.7916
	0.485217  	17.0574
	0.488338  	17.3267
	0.491459  	17.5993
	0.494581  	17.8749
	0.497702  	18.1532
	0.500823  	18.4224
	0.503944  	18.2364
	0.507065   	17.952
	0.510186  	17.6661
	0.513307  	17.3841
	0.516428  	17.1077
	0.519549  	16.8378
 	0.52267  	16.5753
	0.525791  	16.3212
	0.528912  	16.0763
	0.532033  	15.8417
	0.535154  	15.6185
	0.538275  	15.4079
	0.541396  	15.2113
	0.544517    	15.03
	0.547639  	14.8655
 	0.55076  	14.7193
	0.553881  	14.5928
	0.557002  	14.4872
	0.560123  	14.4038
	0.563244  	14.3435
	0.566365   	14.307
	0.569486  	14.2948

       	0  	20.4488
  0.00254833  	20.4882
  0.00509666  	20.5971
	0.007645  	20.7569
   0.0101933  	20.7531
   0.0127417  	20.5263
 	0.01529  	20.2993
   0.0178383   	20.073
   0.0203867   	19.848
	0.022935  	19.6243
   0.0254833  	19.4024
   0.0280317  	19.1823
 	0.03058  	18.9642
   0.0331283  	18.7484
   0.0356767  	18.5349
	0.038225  	18.3242
   0.0407733  	18.1167
   0.0433217  	17.9131
 	0.04587  	17.7144
   0.0484183  	17.5227
   0.0509667  	17.3423
	0.053515  	17.1821
   0.0560633  	17.0637
   0.0586117  	17.0262
 	0.06116  	17.0936
   0.0637083  	17.2338
   0.0662567  	17.4119
	0.068805  	17.6154
   0.0713533  	17.8093
   0.0739016  	18.0208
 	0.07645  	18.2362
   0.0789983  	18.4555
   0.0815466  	18.6779
	0.084095  	18.9027
   0.0866433  	19.1294
   0.0891916   	19.359
 	0.09174  	19.5924
   0.0942883  	19.8216
   0.0968366  	20.0457
	0.099385  	20.2711
	0.101933  	20.5004
	0.104482  	20.7287
 	0.10703  	20.9243
	0.109578  	21.1512
	0.112127  	21.3806
	0.114675  	21.5894
	0.117223  	21.8233
	0.119772  	22.0455
 	0.12232    	22.28
	0.124868  	22.4998
	0.127417  	22.7179
	0.129965  	22.9343
	0.132513  	23.1495
	0.135062  	23.3643
 	0.13761  	23.5808
	0.140158  	23.7921
	0.142707  	24.0019
	0.145255  	24.2068
	0.147803  	24.3949
	0.150352  	24.5005
	0.150352  	24.5005
	0.153294  	24.3953
	0.156237  	24.1608
	0.159179  	23.9212
	0.162122  	23.6849
	0.165064  	23.4431
	0.168007  	23.1973
 	0.17095  	22.9493
	0.173892  	22.7002
	0.176835  	22.4503
	0.179777  	22.2005
 	0.18272  	21.9514
	0.185662   	21.703
	0.188605  	21.4555
	0.191547  	21.2092
 	0.19449  	20.9641
	0.197433  	20.7204
	0.200375  	20.4781
	0.203318  	20.2374
 	0.20626  	19.9984
	0.209203  	19.7611
	0.212145  	19.5255
	0.215088  	19.2917
	0.218031  	19.0598
	0.220973  	18.8392
	0.223916  	18.6019
	0.226858  	18.3759
	0.229801  	18.1521
	0.232743  	17.9303
	0.235686  	17.7109
	0.238628  	17.4937
	0.241571  	17.2789
	0.244514  	17.0667
	0.247456  	16.8573
	0.250399  	16.6507
	0.253341  	16.4476
	0.256284  	16.2484
	0.259226  	16.0543
	0.262169   	15.868
	0.265112  	15.6961
	0.268054   	15.562
	0.270997  	15.6592
	0.273939  	15.8287
	0.276882  	16.0016
	0.279824  	16.1775
	0.282767  	16.3558
	0.285709  	16.3808
	0.288652  	16.5876
	0.291595  	16.7991
	0.294537   	17.015
 	0.29748  	17.2361
	0.300422  	17.4586
	0.303365  	17.6861
	0.306307   	17.917
 	0.30925  	18.1512
	0.312192  	18.3883
	0.315135  	18.6281
	0.318078  	18.8678
 	0.32102  	19.1012
	0.323963  	19.2545
	0.323963  	19.2545
	0.325003  	19.2508
	0.326043  	19.2303
	0.327084  	19.1862
	0.328124  	19.1283
	0.329165  	19.0655
	0.330205  	19.0007
	0.331245  	18.9351
	0.332286  	18.8692
	0.333326  	18.8031
	0.334366  	18.7371
	0.335407  	18.6712
	0.336447  	18.6056
	0.337487  	18.5403
	0.338528  	18.4752
	0.339568  	18.4106
	0.340608  	18.3464
	0.341649  	18.2826
	0.342689  	18.2192
	0.343729  	18.1563
 	0.34477  	18.0939
 	0.34581  	18.0321
 	0.34685  	17.9708
	0.347891  	17.9101
	0.348931    	17.85
	0.349972  	17.7906
	0.351012   	17.732
	0.352052   	17.674
	0.353093  	17.6169
	0.354133  	17.5607
	0.355173  	17.5054
	0.356214  	17.4512
	0.357254  	17.3981
	0.358294  	17.3463
	0.359335  	17.2959
	0.360375   	17.247
	0.361415     	17.2
	0.362456   	17.155
	0.363496  	17.1122
	0.364536  	17.0721
	0.365577  	17.0348
	0.366617  	17.0008
	0.367658  	16.9705
	0.368698  	16.9442
	0.369738  	16.9224
	0.370779  	16.9054
	0.371819  	16.8936
	0.372859  	16.8871
  	0.3739   	16.886
 	0.37494  	16.8904
 	0.37598  	16.9001
	0.377021  	16.9148
	0.378061   	16.934
	0.379101  	16.9574
	0.380142  	16.9844
	0.381182  	17.0144
	0.382222  	17.0469
	0.383263  	17.0814
	0.384303  	17.1172
	0.385344   	17.154
	0.385344   	17.154
	0.388465  	17.1292
	0.391586   	17.133
	0.394707  	17.1747
	0.397828  	17.2698
	0.400949  	17.4291
 	0.40407  	17.6391
	0.407191    	17.87
	0.410312  	18.0838
	0.413433  	18.2253
	0.416554  	18.2689
	0.419675  	18.2669
	0.422796  	18.2644
	0.425917  	18.2745
	0.429038  	18.2944
	0.432159  	18.3133
 	0.43528  	18.3119
	0.438402  	18.2615
	0.441523  	18.1437
	0.444644  	17.9711
	0.447765  	17.7685
	0.450886  	17.5521
	0.454007  	17.3305
	0.457128  	17.1078
	0.460249  	16.8869
 	0.46337  	16.6697
	0.466491  	16.4599
	0.469612  	16.2783
	0.472733  	16.2955
	0.475854  	16.4845
	0.478975  	16.7041
	0.482096  	16.9378
	0.485217  	17.1811
	0.488338  	17.4319
	0.491459  	17.6884
	0.494581  	17.9489
	0.497702  	18.2095
	0.500823  	18.4356
	0.503944  	18.7228
	0.507065  	19.0105
	0.510186  	19.2997
	0.513307  	19.5885
	0.516428  	19.8796
	0.519549  	20.1712
 	0.52267  	20.4632
	0.525791  	20.7553
	0.528912   	21.047
	0.532033  	21.3382
	0.535154  	21.6287
	0.538275  	21.9199
	0.541396   	22.209
	0.544517  	22.4959
	0.547639  	22.7797
 	0.55076  	23.0598
	0.553881  	23.3353
	0.557002   	23.603
	0.560123   	23.873
	0.563244  	24.1336
	0.566365  	24.3779
	0.569486  	24.5005




