	-16.9562        	0
	-16.9432        	0
	-16.9303        	0
	-16.9174        	0
	-16.9045        	0
	-16.8916        	0
	-16.8786        	0
	-16.8657        	0
	-16.8528        	0
	-16.8399        	0
	-16.8269        	0
 	-16.814        	0
	-16.8011        	0
	-16.7882        	0
	-16.7753        	0
	-16.7623        	0
	-16.7494        	0
	-16.7365        	0
	-16.7236        	0
	-16.7107        	0
	-16.6977        	0
	-16.6848        	0
	-16.6719        	0
 	-16.659        	0
 	-16.646        	0
	-16.6331        	0
	-16.6202        	0
	-16.6073        	0
	-16.5944        	0
	-16.5814        	0
	-16.5685        	0
	-16.5556        	0
	-16.5427        	0
	-16.5298        	0
	-16.5168        	0
	-16.5039        	0
 	-16.491        	0
	-16.4781        	0
	-16.4651        	0
	-16.4522        	0
	-16.4393        	0
	-16.4264        	0
	-16.4135        	0
	-16.4005        	0
	-16.3876        	0
	-16.3747        	0
	-16.3618        	0
	-16.3489        	0
	-16.3359        	0
 	-16.323        	0
	-16.3101        	0
	-16.2972        	0
	-16.2842        	0
	-16.2713        	0
	-16.2584        	0
	-16.2455        	0
	-16.2326        	0
	-16.2196        	0
	-16.2067        	0
	-16.1938        	0
	-16.1809        	0
 	-16.168        	0
 	-16.155        	0
	-16.1421        	0
	-16.1292        	0
	-16.1163        	0
	-16.1033        	0
	-16.0904        	0
	-16.0775        	0
	-16.0646        	0
	-16.0517        	0
	-16.0387        	0
	-16.0258        	0
	-16.0129        	0
     	-16        	0
	-15.9871        	0
	-15.9741        	0
	-15.9612        	0
	-15.9483        	0
	-15.9354        	0
	-15.9224        	0
	-15.9095        	0
	-15.8966        	0
	-15.8837        	0
	-15.8708        	0
	-15.8578        	0
	-15.8449        	0
 	-15.832        	0
	-15.8191        	0
	-15.8062        	0
	-15.7932        	0
	-15.7803   	0.0073
	-15.7674   	0.0887
	-15.7545   	0.1701
	-15.7415   	0.2515
	-15.7286    	0.333
	-15.7157   	0.4144
	-15.7028   	0.4958
	-15.6899   	0.5772
	-15.6769   	0.6586
 	-15.664     	0.74
	-15.6511   	0.8215
	-15.6382   	0.4621
	-15.6253   	0.4703
	-15.6123   	0.4785
	-15.5994   	0.4866
	-15.5865   	0.4948
	-15.5736    	0.503
	-15.5606   	0.5112
	-15.5477   	0.5193
	-15.5348   	0.5275
	-15.5219   	0.5357
 	-15.509   	0.5439
 	-15.496    	0.552
	-15.4831   	0.5602
	-15.4702   	0.5684
	-15.4573   	0.5766
	-15.4444   	0.5847
	-15.4314   	0.5929
	-15.4185   	0.6011
	-15.4056   	0.6093
	-15.3927   	0.6174
	-15.3797   	0.6236
	-15.3668   	0.6197
	-15.3539   	0.6159
 	-15.341    	0.612
	-15.3281   	0.6081
	-15.3151   	0.6042
	-15.3022   	0.6003
	-15.2893   	0.5964
	-15.2764   	0.5925
	-15.2635   	0.5886
	-15.2505   	0.5903
	-15.2376   	0.5948
	-15.2247   	0.5994
	-15.2118    	0.604
	-15.1988   	0.6085
	-15.1859   	0.6131
 	-15.173   	0.6177
	-15.1601   	0.6223
	-15.1472   	0.6268
	-15.1342   	0.6314
	-15.1213    	0.636
	-15.1084   	0.6405
	-15.0955   	0.6451
	-15.0826   	0.6497
	-15.0696   	0.6542
	-15.0567   	0.6588
	-15.0438   	0.6634
	-15.0309   	0.6679
	-15.0179   	0.6725
 	-15.005   	0.6771
	-14.9921   	0.6816
	-14.9792   	0.6862
	-14.9663   	0.6908
	-14.9533   	0.6953
	-14.9404   	0.6999
	-14.9275   	0.7045
	-14.9146   	0.7082
	-14.9016   	0.7139
	-14.8887   	0.7196
	-14.8758   	0.7253
	-14.8629   	0.7311
  	-14.85   	0.7368
 	-14.837   	0.7425
	-14.8241   	0.7482
	-14.8112   	0.7539
	-14.7983   	0.7596
	-14.7854   	0.7653
	-14.7724    	0.771
	-14.7595   	0.7767
	-14.7466   	0.7824
	-14.7337   	0.7881
	-14.7207    	0.794
	-14.7078   	0.8003
	-14.6949   	0.8066
 	-14.682   	0.8129
	-14.6691   	0.8192
	-14.6561   	0.8255
	-14.6432   	0.8318
	-14.6303    	0.838
	-14.6174   	0.8443
	-14.6045   	0.8506
	-14.5915   	0.8569
	-14.5786   	0.8632
	-14.5657   	1.0551
	-14.5528   	1.4174
	-14.5398   	1.7797
	-14.5269    	2.142
 	-14.514   	2.5043
	-14.5011    	1.878
	-14.4882   	1.9207
	-14.4752   	1.9634
	-14.4623   	2.0061
	-14.4494   	2.0598
	-14.4365    	2.126
	-14.4236   	2.1943
	-14.4106   	2.2626
	-14.3977   	2.3308
	-14.3848   	2.3961
	-14.3719   	2.4162
	-14.3589   	2.4234
 	-14.346   	2.4306
	-14.3331   	2.4378
	-14.3202   	2.4553
	-14.3073   	2.5003
	-14.2943   	2.5453
	-14.2814   	2.5904
	-14.2685   	2.6354
	-14.2556   	2.6804
	-14.2427   	2.7255
	-14.2297   	2.7705
	-14.2168   	2.8185
	-14.2039   	2.8805
 	-14.191   	2.9425
 	-14.178   	3.0045
	-14.1651   	3.0665
	-14.1522   	3.1259
	-14.1393   	3.1937
	-14.1264   	3.2614
	-14.1134   	3.3292
	-14.1005    	3.397
	-14.0876   	3.4647
	-14.0747   	3.5325
	-14.0618   	3.6047
	-14.0488   	3.6772
	-14.0359   	3.9478
 	-14.023    	4.265
	-14.0101   	6.3882
	-13.9971   	6.7239
	-13.9842   	4.3106
	-13.9713    	4.219
	-13.9584   	4.1274
	-13.9455   	4.0358
	-13.9325   	4.0181
	-13.9196   	4.0465
	-13.9067   	4.0513
	-13.8938   	4.0482
	-13.8809   	4.0451
	-13.8679    	4.042
 	-13.855     	4.18
	-13.8421   	4.3845
	-13.8292   	4.7483
	-13.8162   	5.1485
	-13.8033   	5.2051
	-13.7904   	4.7197
	-13.7775   	4.8007
	-13.7646   	4.2271
	-13.7516   	7.4284
	-13.7387    	4.018
	-13.7258   	4.3025
	-13.7129   	3.9411
   	-13.7   	3.5798
 	-13.687   	3.2184
	-13.6741   	2.8571
	-13.6612   	2.4957
	-13.6483   	2.2744
	-13.6353   	2.5177
	-13.6224    	2.761
	-13.6095   	2.2502
	-13.5966   	0.7739
	-13.5837        	0
	-13.5707        	0
	-13.5578        	0
	-13.5449        	0
 	-13.532        	0
	-13.5191        	0
	-13.5061        	0
	-13.4932        	0
	-13.4803        	0
	-13.4674        	0
	-13.4544        	0
	-13.4415        	0
	-13.4286        	0
	-13.4157        	0
	-13.4028        	0
	-13.3898        	0
	-13.3769        	0
 	-13.364        	0
	-13.3511        	0
	-13.3382        	0
	-13.3252        	0
	-13.3123        	0
	-13.2994        	0
	-13.2865        	0
	-13.2735        	0
	-13.2606        	0
	-13.2477        	0
	-13.2348        	0
	-13.2219        	0
	-13.2089        	0
 	-13.196        	0
	-13.1831        	0
	-13.1702        	0
	-13.1573        	0
	-13.1443        	0
	-13.1314        	0
	-13.1185        	0
	-13.1056        	0
	-13.0926        	0
	-13.0797        	0
	-13.0668        	0
	-13.0539        	0
 	-13.041        	0
 	-13.028        	0
	-13.0151        	0
	-13.0022        	0
	-12.9893        	0
	-12.9764        	0
	-12.9634        	0
	-12.9505        	0
	-12.9376        	0
	-12.9247        	0
	-12.9117        	0
	-12.8988        	0
	-12.8859        	0
 	-12.873        	0
	-12.8601        	0
	-12.8471        	0
	-12.8342        	0
	-12.8213        	0
	-12.8084        	0
	-12.7954        	0
	-12.7825        	0
	-12.7696        	0
	-12.7567        	0
	-12.7438        	0
	-12.7308        	0
	-12.7179        	0
 	-12.705        	0
	-12.6921        	0
	-12.6792        	0
	-12.6662        	0
	-12.6533        	0
	-12.6404        	0
	-12.6275        	0
	-12.6145        	0
	-12.6016        	0
	-12.5887        	0
	-12.5758        	0
	-12.5629        	0
	-12.5499        	0
 	-12.537        	0
	-12.5241        	0
	-12.5112        	0
	-12.4983        	0
	-12.4853        	0
	-12.4724        	0
	-12.4595        	0
	-12.4466        	0
	-12.4336        	0
	-12.4207        	0
	-12.4078        	0
	-12.3949        	0
 	-12.382        	0
 	-12.369        	0
	-12.3561        	0
	-12.3432        	0
	-12.3303        	0
	-12.3174        	0
	-12.3044        	0
	-12.2915        	0
	-12.2786        	0
	-12.2657        	0
	-12.2527        	0
	-12.2398        	0
	-12.2269        	0
 	-12.214        	0
	-12.2011        	0
	-12.1881        	0
	-12.1752        	0
	-12.1623        	0
	-12.1494        	0
	-12.1365        	0
	-12.1235        	0
	-12.1106        	0
	-12.0977        	0
	-12.0848        	0
	-12.0718        	0
	-12.0589        	0
 	-12.046        	0
	-12.0331        	0
	-12.0202        	0
	-12.0072        	0
	-11.9943        	0
	-11.9814        	0
	-11.9685        	0
	-11.9556        	0
	-11.9426        	0
	-11.9297        	0
	-11.9168        	0
	-11.9039        	0
	-11.8909        	0
 	-11.878        	0
	-11.8651        	0
	-11.8522        	0
	-11.8393        	0
	-11.8263        	0
	-11.8134        	0
	-11.8005        	0
	-11.7876        	0
	-11.7747        	0
	-11.7617        	0
	-11.7488        	0
	-11.7359        	0
 	-11.723        	0
  	-11.71        	0
	-11.6971        	0
	-11.6842        	0
	-11.6713        	0
	-11.6584        	0
	-11.6454        	0
	-11.6325        	0
	-11.6196        	0
	-11.6067        	0
	-11.5938        	0
	-11.5808        	0
	-11.5679        	0
 	-11.555        	0
	-11.5421        	0
	-11.5291        	0
	-11.5162        	0
	-11.5033        	0
	-11.4904        	0
	-11.4775        	0
	-11.4645        	0
	-11.4516        	0
	-11.4387        	0
	-11.4258        	0
	-11.4129        	0
	-11.3999        	0
 	-11.387        	0
	-11.3741        	0
	-11.3612        	0
	-11.3482        	0
	-11.3353        	0
	-11.3224        	0
	-11.3095        	0
	-11.2966        	0
	-11.2836        	0
	-11.2707        	0
	-11.2578        	0
	-11.2449        	0
 	-11.232        	0
 	-11.219        	0
	-11.2061        	0
	-11.1932        	0
	-11.1803        	0
	-11.1673        	0
	-11.1544        	0
	-11.1415        	0
	-11.1286        	0
	-11.1157        	0
	-11.1027        	0
	-11.0898        	0
	-11.0769        	0
 	-11.064        	0
	-11.0511        	0
	-11.0381        	0
	-11.0252        	0
	-11.0123        	0
	-10.9994        	0
	-10.9864        	0
	-10.9735        	0
	-10.9606        	0
	-10.9477        	0
	-10.9348        	0
	-10.9218        	0
	-10.9089        	0
 	-10.896        	0
	-10.8831        	0
	-10.8701        	0
	-10.8572        	0
	-10.8443        	0
	-10.8314        	0
	-10.8185        	0
	-10.8055        	0
	-10.7926        	0
	-10.7797        	0
	-10.7668        	0
	-10.7539        	0
	-10.7409        	0
 	-10.728        	0
	-10.7151        	0
	-10.7022        	0
	-10.6892        	0
	-10.6763        	0
	-10.6634        	0
	-10.6505        	0
	-10.6376        	0
	-10.6246        	0
	-10.6117        	0
	-10.5988        	0
	-10.5859        	0
 	-10.573        	0
  	-10.56        	0
	-10.5471        	0
	-10.5342        	0
	-10.5213        	0
	-10.5083        	0
	-10.4954        	0
	-10.4825        	0
	-10.4696        	0
	-10.4567        	0
	-10.4437        	0
	-10.4308        	0
	-10.4179        	0
 	-10.405        	0
	-10.3921        	0
	-10.3791        	0
	-10.3662        	0
	-10.3533        	0
	-10.3404        	0
	-10.3274        	0
	-10.3145        	0
	-10.3016        	0
	-10.2887        	0
	-10.2758        	0
	-10.2628        	0
	-10.2499        	0
 	-10.237        	0
	-10.2241        	0
	-10.2112        	0
	-10.1982        	0
	-10.1853        	0
	-10.1724        	0
	-10.1595        	0
	-10.1465        	0
	-10.1336        	0
	-10.1207        	0
	-10.1078        	0
	-10.0949        	0
	-10.0819        	0
 	-10.069        	0
	-10.0561        	0
	-10.0432        	0
	-10.0303        	0
	-10.0173        	0
	-10.0044        	0
	-9.99155        	0
	-9.97865        	0
	-9.96565        	0
	-9.95275        	0
	-9.93985        	0
	-9.92695        	0
	-9.91405        	0
	-9.90105        	0
	-9.88815        	0
	-9.87525        	0
	-9.86235        	0
	-9.84945        	0
	-9.83645        	0
	-9.82355        	0
	-9.81065        	0
	-9.79775        	0
	-9.78475        	0
	-9.77185        	0
	-9.75895        	0
	-9.74605        	0
	-9.73315        	0
	-9.72015        	0
	-9.70725        	0
	-9.69435        	0
	-9.68145        	0
	-9.66855        	0
	-9.65555        	0
	-9.64265        	0
	-9.62975        	0
	-9.61685        	0
	-9.60385        	0
	-9.59095        	0
	-9.57805        	0
	-9.56515        	0
	-9.55225        	0
	-9.53925        	0
	-9.52635        	0
	-9.51345        	0
	-9.50055        	0
	-9.48765        	0
	-9.47465        	0
	-9.46175        	0
	-9.44885        	0
	-9.43595        	0
	-9.42295        	0
	-9.41005        	0
	-9.39715        	0
	-9.38425        	0
	-9.37135        	0
	-9.35835        	0
	-9.34545        	0
	-9.33255        	0
	-9.31965        	0
	-9.30675        	0
	-9.29375        	0
	-9.28085        	0
	-9.26795        	0
	-9.25505        	0
	-9.24205        	0
	-9.22915        	0
	-9.21625        	0
	-9.20335        	0
	-9.19045        	0
	-9.17745        	0
	-9.16455        	0
	-9.15165        	0
	-9.13875        	0
	-9.12585        	0
	-9.11285        	0
	-9.09995        	0
	-9.08705        	0
	-9.07415        	0
	-9.06115        	0
	-9.04825        	0
	-9.03535        	0
	-9.02245        	0
	-9.00955        	0
	-8.99655        	0
	-8.98365        	0
	-8.97075        	0
	-8.95785        	0
	-8.94485        	0
	-8.93195        	0
	-8.91905        	0
	-8.90615        	0
	-8.89325        	0
	-8.88025        	0
	-8.86735        	0
	-8.85445        	0
	-8.84155        	0
	-8.82865        	0
	-8.81565        	0
	-8.80275        	0
	-8.78985        	0
	-8.77695        	0
	-8.76395        	0
	-8.75105        	0
	-8.73815        	0
	-8.72525        	0
	-8.71235        	0
	-8.69935        	0
	-8.68645        	0
	-8.67355        	0
	-8.66065        	0
	-8.64775        	0
	-8.63475        	0
	-8.62185        	0
	-8.60895        	0
	-8.59605        	0
	-8.58305        	0
	-8.57015        	0
	-8.55725        	0
	-8.54435        	0
	-8.53145        	0
	-8.51845        	0
	-8.50555        	0
	-8.49265        	0
	-8.47975        	0
	-8.46685        	0
	-8.45385        	0
	-8.44095        	0
	-8.42805        	0
	-8.41515        	0
	-8.40215        	0
	-8.38925        	0
	-8.37635        	0
	-8.36345        	0
	-8.35055        	0
	-8.33755        	0
	-8.32465        	0
	-8.31175        	0
	-8.29885        	0
	-8.28595        	0
	-8.27295        	0
	-8.26005        	0
	-8.24715        	0
	-8.23425        	0
	-8.22125        	0
	-8.20835        	0
	-8.19545        	0
	-8.18255        	0
	-8.16965        	0
	-8.15665        	0
	-8.14375        	0
	-8.13085        	0
	-8.11795        	0
	-8.10505        	0
	-8.09205        	0
	-8.07915        	0
	-8.06625        	0
	-8.05335        	0
	-8.04035        	0
	-8.02745        	0
	-8.01455        	0
	-8.00165        	0
	-7.98875        	0
	-7.97575        	0
	-7.96285        	0
	-7.94995        	0
	-7.93705        	0
	-7.92415        	0
	-7.91115        	0
	-7.89825        	0
	-7.88535        	0
	-7.87245        	0
	-7.85945        	0
	-7.84655        	0
	-7.83365        	0
	-7.82075        	0
	-7.80785        	0
	-7.79485        	0
	-7.78195        	0
	-7.76905        	0
	-7.75615        	0
	-7.74325        	0
	-7.73025        	0
	-7.71735        	0
	-7.70445        	0
	-7.69155        	0
	-7.67855        	0
	-7.66565        	0
	-7.65275        	0
	-7.63985        	0
	-7.62695        	0
	-7.61395        	0
	-7.60105        	0
	-7.58815        	0
	-7.57525        	0
	-7.56235        	0
	-7.54935        	0
	-7.53645        	0
	-7.52355        	0
	-7.51065        	0
	-7.49765        	0
	-7.48475        	0
	-7.47185        	0
	-7.45895   	0.0164
	-7.44605   	0.1317
	-7.43305   	0.2471
	-7.42015   	0.3624
	-7.40725   	0.4777
	-7.39435    	0.593
	-7.38145   	0.7083
	-7.36845   	0.8236
	-7.35555   	0.9389
	-7.34265   	1.0543
	-7.32975   	1.1696
	-7.31675   	1.2849
	-7.30385   	1.4002
	-7.29095   	1.5745
	-7.27805   	1.7497
	-7.26515   	1.7059
	-7.25215   	1.5168
	-7.23925   	1.4591
	-7.22635   	1.5459
	-7.21345   	1.6331
	-7.20055   	1.7203
	-7.18755   	1.8075
	-7.17465   	1.8947
	-7.16175   	1.9819
	-7.14885   	2.0691
	-7.13585   	1.8295
	-7.12295   	1.8678
	-7.11005    	1.906
	-7.09715   	1.9442
	-7.08425   	1.9824
	-7.07125   	2.0207
	-7.05835   	2.0589
	-7.04545   	2.0971
	-7.03255   	2.1353
	-7.01965   	2.1735
	-7.00665    	5.114
	-6.99375   	3.8023
	-6.98085   	4.0383
	-6.96795   	4.2744
	-6.95495   	4.5105
	-6.94205   	4.7692
	-6.92915   	5.2106
	-6.91625   	5.1315
	-6.90335   	4.8729
	-6.89035   	3.7668
	-6.87745   	3.4518
	-6.86455   	3.4263
	-6.85165   	3.4996
	-6.83865   	3.5806
	-6.82575   	3.6616
	-6.81285   	3.7426
	-6.79995   	3.8236
	-6.78705   	5.2372
	-6.77405   	5.2352
	-6.76115   	4.9017
	-6.74825   	4.5996
	-6.73535   	4.4018
	-6.72245   	4.2512
	-6.70945   	4.1005
	-6.69655   	3.9498
	-6.68365   	3.7991
	-6.67075   	3.6485
	-6.65775   	3.4978
	-6.64485   	2.5602
	-6.63195   	1.7712
	-6.61905    	1.869
	-6.60615   	1.9669
	-6.59315    	3.613
	-6.58025   	3.1562
	-6.56735   	2.6993
	-6.55445   	2.2425
	-6.54155   	2.9459
	-6.52855   	4.1967
	-6.51565   	2.5984
	-6.50275   	2.5029
	-6.48985   	1.5172
	-6.47685   	1.4865
	-6.46395   	1.4558
	-6.45105   	1.4251
	-6.43815   	1.3943
	-6.42525   	1.3636
	-6.41225   	1.3329
	-6.39935   	1.3022
	-6.38645   	1.2715
	-6.37355   	1.2408
	-6.36065   	1.2101
	-6.34765   	1.1793
	-6.33475   	1.1486
	-6.32185   	1.1179
	-6.30895   	1.0872
	-6.29595   	1.0565
	-6.28305   	1.0258
	-6.27015   	0.9951
	-6.25725   	0.9698
	-6.24435   	0.9581
	-6.23135   	0.9464
	-6.21845   	0.9347
	-6.20555    	0.923
	-6.19265   	0.9113
	-6.17975   	0.8997
	-6.16675    	0.888
	-6.15385   	0.8763
	-6.14095   	0.8646
	-6.12805   	0.8529
	-6.11505   	0.8412
	-6.10215   	0.8295
	-6.08925   	0.8179
	-6.07635   	0.8062
	-6.06345   	0.7945
	-6.05045   	0.7828
	-6.03755   	0.7836
	-6.02465    	0.796
	-6.01175   	0.8084
	-5.99885   	0.8208
	-5.98585   	0.8332
	-5.97295   	0.8456
	-5.96005    	0.858
	-5.94715   	0.8704
	-5.93415   	0.8827
	-5.92125   	0.8951
	-5.90835   	0.9039
	-5.89545   	0.9088
	-5.88255   	0.9063
	-5.86955   	0.9039
	-5.85665   	0.9014
	-5.84375    	0.899
	-5.83085   	0.8965
	-5.81795   	0.8941
	-5.80495   	0.8916
	-5.79205   	1.0413
	-5.77915   	1.6848
	-5.76625   	2.3282
	-5.75325   	2.9716
	-5.74035    	3.615
	-5.72745   	4.2584
	-5.71455   	5.0018
	-5.70165   	4.3732
	-5.68865   	4.3408
	-5.67575   	4.3472
	-5.66285   	4.3535
	-5.64995   	4.3692
	-5.63705   	4.7498
	-5.62405   	5.1651
	-5.61115    	5.531
	-5.59825   	5.2436
	-5.58535   	4.9561
	-5.57235   	4.8359
	-5.55945   	5.2345
	-5.54655    	5.684
	-5.53365   	5.1161
	-5.52075    	5.322
	-5.50775   	5.7683
	-5.49485   	5.1389
	-5.48195   	5.2835
	-5.46905    	5.428
	-5.45615    	4.682
	-5.44315   	4.4648
	-5.43025   	2.1041
	-5.41735    	2.065
	-5.40445    	2.026
	-5.39145    	1.987
	-5.37855    	1.948
	-5.36565    	1.909
	-5.35275     	1.87
	-5.33985    	1.831
	-5.32685    	1.792
	-5.31395    	1.753
	-5.30105    	1.713
	-5.28815    	1.666
	-5.27525    	1.619
	-5.26225   	1.3498
	-5.24935   	1.3145
	-5.23645   	1.0729
	-5.22355    	1.048
	-5.21055   	2.8954
	-5.19765   	1.3625
	-5.18475   	1.3774
	-5.17185   	1.3923
	-5.15895   	1.4072
	-5.14595   	1.4221
	-5.13305    	1.437
	-5.12015   	1.4593
	-5.10725   	1.4932
	-5.09435   	1.5274
	-5.08135   	1.5616
	-5.06845   	1.5958
	-5.05555     	1.63
	-5.04265   	1.6642
	-5.02965   	1.9038
	-5.01675   	2.1751
	-5.00385   	2.6857
	-4.99095   	3.1962
	-4.97805   	3.7067
	-4.96505   	4.2172
	-4.95215   	3.8587
	-4.93925   	4.5789
	-4.92635   	4.5732
	-4.91335    	5.626
	-4.90045  	10.0766
	-4.88755  	11.7396
	-4.87465   	8.2541
	-4.86175   	7.0892
	-4.84875   	5.9538
	-4.83585   	4.8636
	-4.82295   	4.0374
	-4.81005   	3.3166
	-4.79715   	2.8641
	-4.78415   	2.4347
	-4.77125   	2.0421
	-4.75835   	2.0219
	-4.74545   	2.0017
	-4.73245   	1.9816
	-4.71955   	2.9852
	-4.70665   	2.2073
	-4.69375   	2.2033
	-4.68085   	3.2212
	-4.66785   	2.4587
	-4.65495    	2.623
	-4.64205   	2.6179
	-4.62915   	2.6127
	-4.61625   	2.5587
	-4.60325    	2.492
	-4.59035   	2.4644
	-4.57745   	2.4382
	-4.56455   	2.4127
	-4.55155   	2.3871
	-4.53865   	2.3616
	-4.52575   	2.3361
	-4.51285   	2.3105
	-4.49995    	2.285
	-4.48695   	2.2594
	-4.47405   	2.2175
	-4.46115   	2.1223
	-4.44825   	2.0271
	-4.43535   	1.9369
	-4.42235   	1.7623
	-4.40945    	1.692
	-4.39655   	1.6218
	-4.38365   	1.5563
	-4.37065   	1.4703
	-4.35775   	1.4644
	-4.34485   	1.4584
	-4.33195   	1.4525
	-4.31905   	1.4593
	-4.30605   	1.5674
	-4.29315   	1.6755
	-4.28025   	1.7836
	-4.26735   	1.8917
	-4.25445   	1.9998
	-4.24145    	2.108
	-4.22855   	2.2161
	-4.21565   	2.3242
	-4.20275   	1.0795
	-4.18975   	1.0751
	-4.17685   	1.0706
	-4.16395   	1.0661
	-4.15105   	1.0616
	-4.13815   	1.0572
	-4.12515   	1.0527
	-4.11225   	1.0482
	-4.09935   	1.0437
	-4.08645    	2.666
	-4.07355    	2.715
	-4.06055   	2.7641
	-4.04765   	2.8132
	-4.03475   	2.8623
	-4.02185   	2.9113
	-4.00885   	2.9189
	-3.99595   	2.4377
	-3.98305   	1.8654
	-3.97015   	1.2932
	-3.95725   	0.8115
	-3.94425   	0.8414
	-3.93135   	0.9254
	-3.91845   	1.0575
	-3.90555   	1.2132
	-3.89265   	1.3689
	-3.87965   	1.5246
	-3.86675   	1.6803
	-3.85385    	1.836
	-3.84095   	1.9917
	-3.82795   	2.1474
	-3.81505   	2.3031
	-3.80215   	2.4589
	-3.78925   	2.6101
	-3.77635   	3.9055
	-3.76335   	4.4662
	-3.75045   	3.6515
	-3.73755   	3.6107
	-3.72465   	3.5699
	-3.71175   	3.5291
	-3.69875   	3.4883
	-3.68585   	3.4475
	-3.67295   	3.4067
	-3.66005   	3.4063
	-3.64705   	3.4534
	-3.63415   	3.1281
	-3.62125   	3.1669
	-3.60835   	3.2057
	-3.59545   	3.6028
	-3.58245   	4.9458
	-3.56955   	6.2888
	-3.55665   	7.6318
	-3.54375   	7.7963
	-3.53085   	6.5474
	-3.51785   	5.2984
	-3.50495   	4.4404
	-3.49205   	3.6688
	-3.47915   	3.4671
	-3.46615   	3.7714
	-3.45325    	3.643
	-3.44035   	3.5145
	-3.42745   	3.3861
	-3.41455   	3.2406
	-3.40155   	3.1176
	-3.38865   	3.0514
	-3.37575   	2.9852
	-3.36285   	2.7651
	-3.34995   	2.5521
	-3.33695    	2.339
	-3.32405    	2.126
	-3.31115   	1.9129
	-3.29825   	1.6999
	-3.28525   	1.5865
	-3.27235   	1.5432
	-3.25945   	1.5033
	-3.24655   	1.4634
	-3.23365   	1.7287
	-3.22065   	2.6157
	-3.20775   	2.6089
	-3.19485   	2.5766
	-3.18195   	2.5523
	-3.16905   	2.5281
	-3.15605   	2.5038
	-3.14315   	2.4795
	-3.13025   	2.4552
	-3.11735   	2.4309
	-3.10435   	2.4066
	-3.09145   	2.3824
	-3.07855   	2.3581
	-3.06565   	2.3338
	-3.05275   	2.3095
	-3.03975   	2.2852
	-3.02685   	2.2609
	-3.01395   	2.2367
	-3.00105   	2.2124
	-2.98805   	2.1959
	-2.97515   	2.1842
	-2.96225   	2.1819
	-2.94935   	2.1819
	-2.93645   	2.1819
	-2.92345   	2.1819
	-2.91055   	2.1818
	-2.89765   	2.1818
	-2.88475   	2.1818
	-2.87185    	2.744
	-2.85885   	3.3398
	-2.84595   	3.9754
	-2.83305   	3.7656
	-2.82015   	3.5557
	-2.80715   	3.2292
	-2.79425   	2.8952
	-2.78135   	2.5611
	-2.76845    	2.227
	-2.75555   	1.8929
	-2.74255   	1.5589
	-2.72965   	1.2248
	-2.71675   	0.8907
	-2.70385   	0.5905
	-2.69095   	0.2934
	-2.67795   	0.1575
	-2.66505   	0.0215
	-2.65215   	0.4835
	-2.63925   	1.0481
	-2.62625   	1.6127
	-2.61335   	2.1774
	-2.60045    	2.742
	-2.58755   	2.9483
	-2.57465   	2.5748
	-2.56165    	4.912
	-2.54875   	4.5297
	-2.53585   	4.1475
	-2.52295   	3.7652
	-2.51005    	2.604
	-2.49705   	2.6511
	-2.48415   	3.5385
	-2.47125   	9.8912
	-2.45835   	2.7339
	-2.44535   	2.7571
	-2.43245   	2.7803
	-2.41955   	2.8035
	-2.40665   	2.8267
	-2.39375   	2.8499
	-2.38075   	2.8731
	-2.36785    	2.893
	-2.35495   	2.9129
	-2.34205   	2.9328
	-2.32915   	2.9527
	-2.31615   	2.9726
	-2.30325   	2.9509
	-2.29035   	2.6896
	-2.27745   	2.5821
	-2.26445   	2.5405
	-2.25155   	2.4989
	-2.23865   	2.4573
	-2.22575   	2.4157
	-2.21285   	2.3741
	-2.19985    	2.274
	-2.18695   	2.2157
	-2.17405   	2.1566
	-2.16115   	2.0975
	-2.14825   	2.0385
	-2.13525   	1.9794
	-2.12235   	1.9203
	-2.10945   	1.8612
	-2.09655   	1.8022
	-2.08355   	1.7431
	-2.07065    	1.682
	-2.05775   	1.6458
	-2.04485   	1.6267
	-2.03195   	1.6077
	-2.01895   	1.5886
	-2.00605   	1.5696
	-1.99315   	1.5505
	-1.98025   	1.5315
	-1.96735   	1.5124
	-1.95435   	1.4934
	-1.94145   	1.7245
	-1.92855   	0.9526
	-1.91565   	0.9545
	-1.90265   	0.9565
	-1.88975   	0.9585
	-1.87685   	0.9604
	-1.86395   	0.9624
	-1.85105   	0.9643
	-1.83805   	1.8412
	-1.82515   	1.6192
	-1.81225   	1.7108
	-1.79935   	0.7056
	-1.78645   	0.4744
	-1.77345   	0.2431
	-1.76055   	0.0118
	-1.74765        	0
	-1.73475        	0
	-1.72175        	0
	-1.70885        	0
	-1.69595        	0
	-1.68305        	0
	-1.67015        	0
	-1.65715        	0
	-1.64425        	0
	-1.63135        	0
	-1.61845        	0
	-1.60555        	0
	-1.59255        	0
	-1.57965        	0
	-1.56675        	0
	-1.55385        	0
	-1.54085        	0
	-1.52795        	0
	-1.51505        	0
	-1.50215        	0
	-1.48925        	0
	-1.47625        	0
	-1.46335        	0
	-1.45045        	0
	-1.43755        	0
	-1.42465        	0
	-1.41165        	0
	-1.39875        	0
	-1.38585        	0
	-1.37295        	0
	-1.35995        	0
	-1.34705        	0
	-1.33415        	0
	-1.32125        	0
	-1.30835        	0
	-1.29535        	0
	-1.28245        	0
	-1.26955        	0
	-1.25665        	0
	-1.24375        	0
	-1.23075        	0
	-1.21785        	0
	-1.20495        	0
	-1.19205        	0
	-1.17905        	0
	-1.16615        	0
	-1.15325        	0
	-1.14035        	0
	-1.12745        	0
	-1.11445        	0
	-1.10155        	0
	-1.08865        	0
	-1.07575        	0
	-1.06275        	0
	-1.04985        	0
	-1.03695        	0
	-1.02405        	0
	-1.01115        	0
   -0.998145        	0
   -0.985245        	0
   -0.972345        	0
   -0.959445        	0
   -0.946545        	0
   -0.933545        	0
   -0.920645        	0
   -0.907745        	0
   -0.894845        	0
   -0.881845        	0
   -0.868945        	0
   -0.856045        	0
   -0.843145        	0
   -0.830245        	0
   -0.817245        	0
   -0.804345        	0
   -0.791445        	0
   -0.778545        	0
   -0.765645        	0
   -0.752645        	0
   -0.739745        	0
   -0.726845        	0
   -0.713945        	0
   -0.700945        	0
   -0.688045        	0
   -0.675145        	0
   -0.662245        	0
   -0.649345        	0
   -0.636345        	0
   -0.623445        	0
   -0.610545        	0
   -0.597645        	0
   -0.584745        	0
   -0.571745        	0
   -0.558845        	0
   -0.545945        	0
   -0.533045        	0
   -0.520045        	0
   -0.507145        	0
   -0.494245        	0
   -0.481345        	0
   -0.468445        	0
   -0.455445        	0
   -0.442545        	0
   -0.429645        	0
   -0.416745        	0
   -0.403845        	0
   -0.390845        	0
   -0.377945        	0
   -0.365045        	0
   -0.352145        	0
   -0.339145        	0
   -0.326245        	0
   -0.313345        	0
   -0.300445        	0
   -0.287545        	0
   -0.274545        	0
   -0.261645        	0
   -0.248745        	0
   -0.235845        	0
   -0.222945        	0
   -0.209945        	0
   -0.197045        	0
   -0.184145        	0
   -0.171245        	0
   -0.158245        	0
   -0.145345        	0
   -0.132445        	0
   -0.119545        	0
   -0.106645        	0
  -0.0936454        	0
  -0.0807454        	0
  -0.0678454        	0
  -0.0549454        	0
  -0.0420454        	0
  -0.0290454        	0
  -0.0161454        	0
 -0.00324544        	0
  0.00965456   	1.0843
   0.0226546   	1.3679
   0.0355546   	0.6077
   0.0484546   	0.6215
   0.0613546   	0.6353
   0.0742546   	0.6491
   0.0872546   	0.6629
	0.100155   	0.6767
	0.113055   	0.6905
	0.125955   	0.7043
	0.138855    	0.718
	0.151855   	0.7318
	0.164755   	0.7456
	0.177655   	0.7594
	0.190555   	0.7732
	0.203555   	0.8051
	0.216455   	4.7648
	0.229355   	2.5568
	0.242255   	2.6937
	0.255155   	2.8398
	0.268155    	2.986
	0.281055   	5.6947
	0.293955     	5.28
	0.306855   	5.8205
	0.319755   	6.5044
	0.332755   	7.1883
	0.345655   	7.8722
	0.358555   	8.5817
	0.371455  	10.6796
	0.384455  	11.7341
	0.397355  	13.5665
	0.410255  	10.0328
	0.423155   	6.0444
	0.436055   	3.6192
	0.449055    	2.691
	0.461955   	0.8568
	0.474855   	0.7541
	0.487755   	0.6515
	0.500655   	0.6205
	0.513655   	0.8744
	0.526555   	1.1397
	0.539455   	1.4051
	0.552355   	1.6705
	0.565355   	1.9359
	0.578255   	2.2012
	0.591155   	2.4666
	0.604055    	2.732
	0.616955   	2.9974
	0.629955   	3.2627
	0.642855   	5.7335
	0.655755   	7.5095
	0.668655   	7.5983
	0.681555   	7.7666
	0.694555   	7.6602
	0.707455   	6.4706
	0.720355   	5.0705
	0.733255   	3.9189
	0.746255   	3.8848
	0.759155   	3.8525
	0.772055   	3.8206
	0.784955   	3.7887
	0.797855   	3.7568
	0.810855   	3.7346
	0.823755   	4.4628
	0.836655   	4.7447
	0.849555   	5.3992
	0.862455   	6.0732
	0.875455   	6.7473
	0.888355   	8.3389
	0.901255   	7.0796
	0.914155   	5.8831
	0.927155   	4.9651
	0.940055   	4.7856
	0.952955   	4.6063
	0.965855   	4.3699
	0.978755   	4.3485
	0.991755   	3.3057
 	1.00465   	3.1433
 	1.01755   	2.9809
 	1.03045   	2.8185
 	1.04345   	2.6933
 	1.05635   	2.6058
 	1.06925   	2.5183
 	1.08215   	2.6647
 	1.09505   	2.5874
 	1.10805     	2.51
 	1.12095   	2.4362
 	1.13385   	2.3864
 	1.14675   	2.3367
 	1.15965   	2.2869
 	1.17265   	2.2372
 	1.18555   	2.1874
 	1.19845   	2.1376
 	1.21135   	2.0879
 	1.22435   	2.0381
 	1.23725   	2.9711
 	1.25015   	6.7749
 	1.26305   	2.3056
 	1.27595   	2.8352
 	1.28895   	3.4058
 	1.30185   	2.8217
 	1.31475   	2.0723
 	1.32765   	3.3624
 	1.34055   	2.4892
 	1.35355     	2.39
 	1.36645   	2.2907
 	1.37935   	2.1915
 	1.39225   	2.0922
 	1.40525    	1.993
 	1.41815   	2.3386
 	1.43105   	2.3986
 	1.44395   	2.4616
 	1.45685   	2.5247
 	1.46985   	2.6067
 	1.48275   	2.6934
 	1.49565   	2.7801
 	1.50855   	2.8834
 	1.52145   	6.2225
 	1.53445   	3.1473
 	1.54735   	2.1805
 	1.56025   	2.2194
 	1.57315   	2.2567
 	1.58615   	2.2784
 	1.59905   	2.3001
 	1.61195   	2.3218
 	1.62485   	2.3435
 	1.63775   	2.3652
 	1.65075   	2.3829
 	1.66365   	1.5996
 	1.67655   	1.5894
 	1.68945   	1.5791
 	1.70235   	1.5688
 	1.71535   	1.5563
 	1.72825   	1.5428
 	1.74115   	1.5292
 	1.75405   	1.5207
 	1.76705   	1.5146
 	1.77995   	1.5085
 	1.79285   	1.5024
 	1.80575   	1.4963
 	1.81865   	1.4902
 	1.83165   	1.4841
 	1.84455    	1.478
 	1.85745   	1.4719
 	1.87035   	1.4658
 	1.88325   	1.4597
 	1.89625   	1.4536
 	1.90915   	1.4475
 	1.92205   	1.4414
 	1.93495   	1.4353
 	1.94795   	1.4292
 	1.96085   	1.7263
 	1.97375   	2.2428
 	1.98665   	2.5075
 	1.99955   	2.3636
 	2.01255   	2.2198
 	2.02545   	2.0759
 	2.03835   	1.9321
 	2.05125   	1.7882
 	2.06415   	1.6443
 	2.07715   	1.5005
 	2.09005   	1.3566
 	2.10295   	1.2128
 	2.11585   	1.0689
 	2.12885   	0.9251
 	2.14175   	0.7812
 	2.15465   	0.7635
 	2.16755    	0.772
 	2.18045   	0.9748
 	2.19345   	1.0469
 	2.20635   	1.1189
 	2.21925   	1.2247
 	2.23215   	1.2485
 	2.24505   	1.2723
 	2.25805    	1.296
 	2.27095   	1.3198
 	2.28385   	1.3436
 	2.29675   	1.3674
 	2.30975   	1.3912
 	2.32265    	1.415
 	2.33555   	1.4388
 	2.34845   	1.4625
 	2.36135   	1.4863
 	2.37435   	1.5101
 	2.38725   	1.5339
 	2.40015   	1.5577
 	2.41305   	1.5815
 	2.42595  	10.3176
 	2.43895   	9.1583
 	2.45185   	6.7456
 	2.46475   	4.6779
 	2.47765   	3.3283
 	2.49065   	2.1433
 	2.50355   	1.9112
 	2.51645   	1.9132
 	2.52935   	1.9152
 	2.54225   	1.9172
 	2.55525   	1.9192
 	2.56815   	1.9212
 	2.58105   	1.9157
 	2.59395   	1.8986
 	2.60685   	1.8665
 	2.61985   	1.8343
 	2.63275   	1.8022
 	2.64565     	1.77
 	2.65855   	1.7379
 	2.67155   	1.7057
 	2.68445   	1.6736
 	2.69735   	1.6414
 	2.71025   	1.6093
 	2.72315   	1.4607
 	2.73615   	1.4924
 	2.74905   	1.4474
 	2.76195   	1.2701
 	2.77485   	1.2607
 	2.78775   	1.2513
 	2.80075   	1.2068
 	2.81365   	1.1583
 	2.82655   	1.1098
 	2.83945   	1.0613
 	2.85245   	1.0128
 	2.86535   	0.9643
 	2.87825   	0.9158
 	2.89115   	0.8673
 	2.90405   	0.8188
 	2.91705   	0.7703
 	2.92995   	0.7218
 	2.94285   	0.6733
 	2.95575   	1.1368
 	2.96875   	0.3428
 	2.98165   	0.3227
 	2.99455   	0.3027
 	3.00745   	0.2826
 	3.02035   	0.2625
 	3.03335   	0.7739
 	3.04625        	0
 	3.05915        	0
 	3.07205        	0
 	3.08495        	0
 	3.09795        	0
 	3.11085        	0
 	3.12375        	0
 	3.13665        	0
 	3.14965        	0
 	3.16255        	0
 	3.17545        	0
 	3.18835        	0
 	3.20125        	0
 	3.21425        	0
 	3.22715        	0
 	3.24005        	0
 	3.25295        	0
 	3.26585        	0
 	3.27885        	0
 	3.29175        	0
 	3.30465        	0
 	3.31755        	0
 	3.33055        	0
 	3.34345        	0
 	3.35635        	0
 	3.36925        	0
 	3.38215        	0
 	3.39515        	0
 	3.40805        	0
 	3.42095        	0
 	3.43385        	0
 	3.44675        	0
 	3.45975        	0
 	3.47265        	0
 	3.48555        	0
 	3.49845        	0
 	3.51145        	0
 	3.52435        	0
 	3.53725        	0
 	3.55015        	0
 	3.56305        	0
 	3.57605        	0
 	3.58895        	0
 	3.60185        	0
 	3.61475        	0
 	3.62765        	0
 	3.64065        	0
 	3.65355   	0.0113
 	3.66645   	0.0293
 	3.67935   	0.0538
 	3.69235   	0.0783
 	3.70525   	0.1028
 	3.71815   	0.1272
 	3.73105   	0.1517
 	3.74395   	0.1762
 	3.75695   	0.2006
 	3.76985   	0.2251
 	3.78275   	0.2496
 	3.79565   	0.2741
 	3.80855   	0.2985
 	3.82155    	0.323
 	3.83445   	0.3475
 	3.84735   	0.3719
 	3.86025   	0.3964
 	3.87325   	0.4209
 	3.88615   	0.4615
 	3.89905   	0.4216
 	3.91195   	0.4769
 	3.92485   	0.4365
 	3.93785   	0.4818
 	3.95075    	0.527
 	3.96365   	0.5723
 	3.97655   	0.6176
 	3.98945   	0.6629
 	4.00245   	0.7081
 	4.01535   	0.7534
 	4.02825   	0.7987
 	4.04115   	0.8439
 	4.05415   	0.8892
 	4.06705   	0.9345
 	4.07995   	0.8152
 	4.09285   	0.6821
 	4.10575     	0.69
 	4.11875   	0.6979
 	4.13165   	0.7057
 	4.14455   	0.7136
 	4.15745   	0.7215
 	4.17035   	0.7294
 	4.18335   	0.7373
 	4.19625   	0.7452
 	4.20915   	0.7531
 	4.22205    	0.761
 	4.23505   	0.7689
 	4.24795   	0.7768
 	4.26085   	0.7847
 	4.27375   	0.7925
 	4.28665   	0.8004
 	4.29965   	0.8063
 	4.31255   	0.8108
 	4.32545   	0.8124
 	4.33835   	0.8136
 	4.35125   	0.8147
 	4.36425   	0.8158
 	4.37715   	0.8169
 	4.39005   	0.8181
 	4.40295   	0.8192
 	4.41595    	0.822
 	4.42885   	0.8488
 	4.44175   	0.8756
 	4.45465      	0.9
 	4.46755   	0.9288
 	4.48055   	0.9604
 	4.49345   	0.9943
 	4.50635   	1.0282
 	4.51925    	1.062
 	4.53215   	1.0959
 	4.54515   	1.1361
 	4.55805   	1.1777
 	4.57095   	1.2193
 	4.58385   	1.2609
 	4.59685   	1.3025
 	4.60975   	1.3441
 	4.62265   	1.3857
 	4.63555   	1.4292
 	4.64845    	1.475
 	4.66145   	1.5221
 	4.67435   	1.5692
 	4.68725   	1.6163
 	4.70015   	1.6635
 	4.71305   	1.7106
 	4.72605   	1.7577
 	4.73895   	1.8048
 	4.75185   	1.7855
 	4.76475   	1.9712
 	4.77775   	2.1173
 	4.79065   	2.1092
 	4.80355    	2.101
 	4.81645   	2.0928
 	4.82935   	2.0846
 	4.84235   	2.0764
 	4.85525   	2.0191
 	4.86815   	2.0049
 	4.88105   	1.9908
 	4.89405   	1.9767
 	4.90695   	1.9626
 	4.91985   	1.9484
 	4.93275   	1.9343
 	4.94565   	1.9377
 	4.95865   	1.9431
 	4.97155   	1.9485
 	4.98445   	1.9608
 	4.99735   	1.9781
 	5.01025   	1.9911
 	5.02325   	2.0142
 	5.03615   	2.0374
 	5.04905   	2.0605
 	5.06195   	2.0837
 	5.07495   	2.1068
 	5.08785   	2.1299
 	5.10075   	2.1805
 	5.11365   	2.2404
 	5.12655   	2.3003
 	5.13955   	2.3601
 	5.15245     	2.42
 	5.16535   	2.4674
 	5.17825   	2.5118
 	5.19115   	2.5674
 	5.20415   	2.6229
 	5.21705   	2.6785
 	5.22995    	2.713
 	5.24285   	2.7144
 	5.25585    	2.707
 	5.26875   	2.6997
 	5.28165   	2.6903
 	5.29455   	2.6797
 	5.30745   	2.6692
 	5.32045   	2.6586
 	5.33335   	2.6481
 	5.34625   	2.6388
 	5.35915   	2.6308
 	5.37205   	2.6227
 	5.38505   	3.2556
 	5.39795   	2.4835
 	5.41085   	2.4852
 	5.42375   	2.4869
 	5.43675   	2.4887
 	5.44965   	2.4905
 	5.46255   	3.1615
 	5.47545   	2.4464
 	5.48835   	2.5064
 	5.50135   	2.5664
 	5.51425   	2.6264
 	5.52715   	2.6863
 	5.54005   	2.5964
 	5.55295   	2.2727
 	5.56595   	2.2998
 	5.57885   	2.3269
 	5.59175    	2.354
 	5.60465   	2.3811
 	5.61765   	2.4082
 	5.63055   	2.4353
 	5.64345   	2.4624
 	5.65635   	2.4895
 	5.66925   	2.5046
 	5.68225   	2.4047
 	5.69515    	2.192
 	5.70805    	1.967
 	5.72095    	1.742
 	5.73385    	1.517
 	5.74685    	1.292
 	5.75975   	1.1126
 	5.77265   	1.0065
 	5.78555   	0.9817
 	5.79855   	0.9879
 	5.81145   	0.9941
 	5.82435   	1.0002
 	5.83725   	1.0064
 	5.85015   	1.0126
 	5.86315   	1.0187
 	5.87605   	1.0249
 	5.88895   	1.0311
 	5.90185   	1.0372
 	5.91475     	1.05
 	5.92775   	1.0712
 	5.94065   	1.0924
 	5.95355   	1.1136
 	5.96645   	1.1348
 	5.97945    	1.156
 	5.99235   	1.1798
 	6.00525   	1.2058
 	6.01815   	1.2412
 	6.03105   	1.2934
 	6.04405   	1.3456
 	6.05695   	1.3977
 	6.06985   	1.4437
 	6.08275   	1.4818
 	6.09565   	1.5199
 	6.10865   	1.5912
 	6.12155    	1.677
 	6.13445   	1.8885
 	6.14735   	2.3932
 	6.16035   	3.7421
 	6.17325   	3.4765
 	6.18615   	3.9848
 	6.19905   	5.3323
 	6.21195   	3.1551
 	6.22495   	3.1403
 	6.23785   	3.1796
 	6.25075   	2.9323
 	6.26365   	2.6849
 	6.27655   	2.4376
 	6.28955   	2.1903
 	6.30245   	2.1028
 	6.31535   	2.1126
 	6.32825   	2.1223
 	6.34125   	2.1321
 	6.35415   	2.1419
 	6.36705   	2.1517
 	6.37995   	2.1614
 	6.39285   	2.1712
 	6.40585    	2.181
 	6.41875   	2.1907
 	6.43165   	2.2005
 	6.44455   	2.2103
 	6.45745     	2.22
 	6.47045   	2.2298
 	6.48335   	2.2396
 	6.49625   	2.2493
 	6.50915   	2.2566
 	6.52215   	2.2564
 	6.53505   	2.2562
 	6.54795    	2.256
 	6.56085   	2.2558
 	6.57375   	2.2556
 	6.58675   	2.2553
 	6.59965   	2.2551
 	6.61255   	2.2549
 	6.62545   	2.2547
 	6.63835   	2.2545
 	6.65135   	2.2543
 	6.66425   	2.2541
 	6.67715   	2.2539
 	6.69005   	2.2537
 	6.70305   	2.2544
 	6.71595   	2.2605
 	6.72885    	2.268
 	6.74175   	2.4372
 	6.75465   	2.5258
 	6.76765   	2.6145
 	6.78055   	2.7032
 	6.79345   	2.4382
 	6.80635   	2.3033
 	6.81935   	2.2964
 	6.83225   	2.0949
 	6.84515   	2.0422
 	6.85805   	1.9895
 	6.87095   	1.9368
 	6.88395   	1.8842
 	6.89685   	1.8315
 	6.90975   	1.7788
 	6.92265   	1.7261
 	6.93555   	1.2585
 	6.94855   	1.1918
 	6.96145   	1.1251
 	6.97435   	1.0584
 	6.98725   	0.9917
 	7.00025    	0.925
 	7.01315   	0.8583
 	7.02605   	0.7915
 	7.03895   	0.7248
 	7.05185   	0.6925
 	7.06485   	0.6621
 	7.07775   	0.6317
 	7.09065   	0.6013
 	7.10355   	0.5709
 	7.11645   	0.5405
 	7.12945    	0.516
 	7.14235   	0.5106
 	7.15525   	0.5052
 	7.16815   	0.4997
 	7.18115   	0.4943
 	7.19405   	0.4889
 	7.20695   	0.4835
 	7.21985    	0.478
 	7.23275   	0.4726
 	7.24575   	0.4672
 	7.25865   	0.4618
 	7.27155   	0.4564
 	7.28445   	0.4509
 	7.29735   	0.4455
 	7.31035   	0.4401
 	7.32325   	0.4347
 	7.33615   	0.4292
 	7.34905   	0.4238
 	7.36205   	0.4184
 	7.37495    	0.413
 	7.38785   	0.4075
 	7.40075   	0.4021
 	7.41365   	0.3967
 	7.42665   	0.3913
 	7.43955   	0.3859
 	7.45245   	0.3804
 	7.46535    	0.375
 	7.47825   	0.3696
 	7.49125   	0.3642
 	7.50415   	0.3587
 	7.51705   	0.3533
 	7.52995   	0.3479
 	7.54295   	0.3425
 	7.55585   	0.3531
 	7.56875   	0.3877
 	7.58165   	0.4222
 	7.59455   	0.4568
 	7.60755   	0.4913
 	7.62045   	0.5259
 	7.63335   	0.5604
 	7.64625    	0.595
 	7.65915   	0.6296
 	7.67215   	0.6641
 	7.68505   	0.6987
 	7.69795   	0.7332
 	7.71085   	1.1533
 	7.72385   	0.7739
 	7.73675        	0
 	7.74965        	0
 	7.76255        	0
 	7.77545        	0
 	7.78845        	0
 	7.80135        	0
 	7.81425        	0
 	7.82715        	0
 	7.84005        	0
 	7.85305        	0
 	7.86595        	0
 	7.87885        	0
 	7.89175        	0
 	7.90475        	0
 	7.91765        	0
 	7.93055        	0
 	7.94345        	0
 	7.95635        	0
 	7.96935        	0
 	7.98225        	0
 	7.99515        	0
 	8.00805        	0
 	8.02095        	0
 	8.03395        	0
 	8.04685        	0
 	8.05975        	0
 	8.07265        	0
 	8.08565        	0
 	8.09855        	0
 	8.11145        	0
 	8.12435        	0
 	8.13725        	0
 	8.15025        	0
 	8.16315        	0
 	8.17605        	0
 	8.18895        	0
 	8.20185        	0
 	8.21485        	0
 	8.22775        	0
 	8.24065        	0
 	8.25355        	0
 	8.26655        	0
 	8.27945        	0
 	8.29235        	0
 	8.30525        	0
 	8.31815        	0
 	8.33115        	0
 	8.34405        	0
 	8.35695        	0
 	8.36985        	0
 	8.38275        	0
 	8.39575        	0
 	8.40865        	0
 	8.42155        	0
 	8.43445        	0
 	8.44745        	0
 	8.46035        	0
 	8.47325        	0
 	8.48615        	0
 	8.49905        	0
 	8.51205        	0
 	8.52495        	0
 	8.53785        	0
 	8.55075        	0
 	8.56365        	0
 	8.57665        	0
 	8.58955        	0
 	8.60245        	0
 	8.61535        	0
 	8.62835        	0
 	8.64125        	0
 	8.65415        	0
 	8.66705        	0
 	8.67995        	0
 	8.69295        	0
 	8.70585        	0
 	8.71875        	0
 	8.73165        	0
 	8.74455        	0
 	8.75755        	0
 	8.77045        	0
 	8.78335        	0
 	8.79625        	0
 	8.80925        	0
 	8.82215        	0
 	8.83505        	0
 	8.84795        	0
 	8.86085        	0
 	8.87385        	0
 	8.88675        	0




