           0     -15.7901
  0.00463745     -15.7878
  0.00927491     -15.7809
   0.0139124     -15.7694
   0.0185498     -15.7533
   0.0231873     -15.7328
   0.0278247     -15.7078
   0.0324622     -15.6785
   0.0370996      -15.645
   0.0417371     -15.6074
   0.0463745     -15.5658
    0.051012     -15.5203
   0.0556494     -15.4712
   0.0602869     -15.4187
   0.0649243     -15.3629
   0.0695618     -15.3041
   0.0741993     -15.2425
   0.0788367     -15.1784
   0.0834742     -15.1122
   0.0881116     -15.0441
   0.0927491     -14.9745
   0.0973865     -14.9038
    0.102024     -14.8323
    0.106661     -14.7605
    0.111299      -14.689
    0.115936     -14.6181
    0.120574     -14.5483
    0.125211     -14.4804
    0.129849     -14.4147
    0.134486      -14.352
    0.139124     -14.2928
    0.143761     -14.2377
    0.148398     -14.1873
    0.153036     -14.1422
    0.157673      -14.103
    0.162311     -14.0702
    0.166948     -14.0442
    0.171586     -14.0253
    0.176223     -14.0139
    0.180861     -14.0101
    0.180861     -14.0101
    0.183535     -14.0097
     0.18621     -14.0087
    0.188885      -14.007
     0.19156     -14.0047
    0.194234     -14.0017
    0.196909     -13.9981
    0.199584     -13.9938
    0.202259      -13.989
    0.204934     -13.9835
    0.207608     -13.9775
    0.210283      -13.971
    0.212958     -13.9639
    0.215633     -13.9564
    0.218307     -13.9485
    0.220982     -13.9401
    0.223657     -13.9314
    0.226332     -13.9224
    0.229006     -13.9131
    0.231681     -13.9036
    0.234356     -13.8939
    0.237031     -13.8841
    0.239705     -13.8742
     0.24238     -13.8643
    0.245055     -13.8545
     0.24773     -13.8448
    0.250404     -13.8353
    0.253079      -13.826
    0.255754     -13.8171
    0.258429     -13.8085
    0.261104     -13.8004
    0.263778     -13.7929
    0.266453     -13.7859
    0.269128     -13.7797
    0.271803     -13.7742
    0.274477     -13.7695
    0.277152     -13.7657
    0.279827     -13.7629
    0.282502     -13.7611
    0.285176     -13.7605
    0.285176     -13.7605
    0.290526     -13.7632
    0.295875     -13.7711
    0.301225     -13.7848
    0.306574     -13.8045
    0.311924     -13.8305
    0.317273      -13.863
    0.322623     -13.9021
    0.327972     -13.9475
    0.333322     -13.9991
    0.338672     -14.0567
    0.344021     -14.1197
    0.349371     -14.1876
     0.35472     -14.2599
     0.36007      -14.336
    0.365419     -14.4152
    0.370769     -14.4967
    0.376118       -14.58
    0.381468     -14.6644
    0.386817     -14.7491
    0.392167     -14.8336
    0.397516     -14.9172
    0.402866     -14.9995
    0.408215     -15.0797
    0.413565     -15.1575
    0.418914     -15.2324
    0.424264     -15.3039
    0.429613     -15.3716
    0.434963     -15.4352
    0.440312     -15.4944
    0.445662     -15.5488
    0.451011     -15.5982
    0.456361     -15.6423
     0.46171      -15.681
     0.46706      -15.714
    0.472409     -15.7412
    0.477759     -15.7626
    0.483108     -15.7778
    0.488458      -15.787
    0.493807     -15.7901

           0     -14.5805
  0.00463745     -14.5794
  0.00927491     -14.5761
   0.0139124     -14.5706
   0.0185498     -14.5629
   0.0231873     -14.5531
   0.0278247     -14.5412
   0.0324622     -14.5272
   0.0370996     -14.5112
   0.0417371     -14.4932
   0.0463745     -14.4734
    0.051012     -14.4518
   0.0556494     -14.4285
   0.0602869     -14.4035
   0.0649243     -14.3771
   0.0695618     -14.3493
   0.0741993     -14.3202
   0.0788367       -14.29
   0.0834742     -14.2589
   0.0881116     -14.2271
   0.0927491     -14.1946
   0.0973865     -14.1617
    0.102024     -14.1286
    0.106661     -14.0956
    0.111299     -14.0628
    0.115936     -14.0304
    0.120574     -13.9987
    0.125211     -13.9681
    0.129849     -13.9386
    0.134486     -13.9106
    0.139124     -13.8844
    0.143761     -13.8601
    0.148398      -13.838
    0.153036     -13.8183
    0.157673     -13.8013
    0.162311     -13.7871
    0.166948     -13.7759
    0.171586     -13.7678
    0.176223     -13.7629
    0.180861     -13.7613
    0.180861     -13.7613
    0.183535      -13.761
     0.18621     -13.7603
    0.188885     -13.7592
     0.19156     -13.7576
    0.194234     -13.7555
    0.196909      -13.753
    0.199584     -13.7501
    0.202259     -13.7467
    0.204934      -13.743
    0.207608     -13.7389
    0.210283     -13.7344
    0.212958     -13.7296
    0.215633     -13.7244
    0.218307      -13.719
    0.220982     -13.7133
    0.223657     -13.7074
    0.226332     -13.7013
    0.229006     -13.6951
    0.231681     -13.6887
    0.234356     -13.6822
    0.237031     -13.6757
    0.239705     -13.6691
     0.24238     -13.6626
    0.245055     -13.6561
     0.24773     -13.6498
    0.250404     -13.6436
    0.253079     -13.6376
    0.255754     -13.6318
    0.258429     -13.6264
    0.261104     -13.6212
    0.263778     -13.6164
    0.266453     -13.6121
    0.269128     -13.6082
    0.271803     -13.6048
    0.274477     -13.6019
    0.277152     -13.5996
    0.279827     -13.5979
    0.282502     -13.5969
    0.285176     -13.5965
    0.285176     -13.5965
    0.290526      -13.598
    0.295875     -13.6026
    0.301225     -13.6103
    0.306574     -13.6212
    0.311924     -13.6353
    0.317273     -13.6526
    0.322623     -13.6731
    0.327972     -13.6965
    0.333322     -13.7228
    0.338672     -13.7517
    0.344021      -13.783
    0.349371     -13.8164
     0.35472     -13.8517
     0.36007     -13.8885
    0.365419     -13.9266
    0.370769     -13.9657
    0.376118     -14.0054
    0.381468     -14.0455
    0.386817     -14.0858
    0.392167     -14.1258
    0.397516     -14.1655
    0.402866     -14.2044
    0.408215     -14.2425
    0.413565     -14.2793
    0.418914     -14.3148
    0.424264     -14.3488
    0.429613      -14.381
    0.434963     -14.4112
    0.440312     -14.4394
    0.445662     -14.4653
    0.451011     -14.4888
    0.456361     -14.5099
     0.46171     -14.5284
     0.46706     -14.5441
    0.472409     -14.5571
    0.477759     -14.5673
    0.483108     -14.5746
    0.488458      -14.579
    0.493807     -14.5805

           0     -7.31187
  0.00463745     -7.30917
  0.00927491     -7.30087
   0.0139124     -7.28707
   0.0185498     -7.26797
   0.0231873     -7.24377
   0.0278247     -7.21467
   0.0324622     -7.18087
   0.0370996     -7.14297
   0.0417371     -7.10137
   0.0463745     -7.05667
    0.051012     -7.00957
   0.0556494     -6.96107
   0.0602869     -6.91217
   0.0649243     -6.86427
   0.0695618     -6.81897
   0.0741993     -6.77817
   0.0788367     -6.74417
   0.0834742     -6.71917
   0.0881116     -6.70557
   0.0927491     -6.70497
   0.0973865     -6.71797
    0.102024     -6.74427
    0.106661     -6.78207
    0.111299     -6.82917
    0.115936     -6.88307
    0.120574     -6.94137
    0.125211     -7.00197
    0.129849     -7.06327
    0.134486     -7.12357
    0.139124     -7.18177
    0.143761     -7.23677
    0.148398     -7.28747
    0.153036     -7.33327
    0.157673     -7.37327
    0.162311     -7.40697
    0.166948     -7.43367
    0.171586     -7.45307
    0.176223     -7.46487
    0.180861     -7.46877
    0.180861     -7.46877
    0.183535     -7.46777
     0.18621     -7.46457
    0.188885     -7.45927
     0.19156     -7.45187
    0.194234     -7.44237
    0.196909     -7.43077
    0.199584     -7.41707
    0.202259     -7.40137
    0.204934     -7.38357
    0.207608     -7.36387
    0.210283     -7.34217
    0.212958     -7.31847
    0.215633     -7.29287
    0.218307     -7.26537
    0.220982     -7.23607
    0.223657     -7.20507
    0.226332     -7.17217
    0.229006     -7.13767
    0.231681     -7.10147
    0.234356     -7.06377
    0.237031     -7.02457
    0.239705     -6.98387
     0.24238     -6.94177
    0.245055     -6.89847
     0.24773     -6.91147
    0.250404     -6.93367
    0.253079     -6.95507
    0.255754     -6.97547
    0.258429     -6.99477
    0.261104     -7.01277
    0.263778     -7.02937
    0.266453     -7.04447
    0.269128     -7.05787
    0.271803     -7.06947
    0.274477     -7.07927
    0.277152     -7.08697
    0.279827     -7.09267
    0.282502     -7.09617
    0.285176     -7.09737
    0.285176     -7.09737
    0.290526     -7.09227
    0.295875     -7.07737
    0.301225     -7.05237
    0.306574     -7.01697
    0.311924     -6.97107
    0.317273     -6.91467
    0.322623     -6.84807
    0.327972     -6.77827
    0.333322     -6.80867
    0.338672     -6.82747
    0.344021     -6.83497
    0.349371     -6.83207
     0.35472     -6.81977
     0.36007     -6.79927
    0.365419     -6.77247
    0.370769     -6.74127
    0.376118     -6.70857
    0.381468     -6.67747
    0.386817     -6.65187
    0.392167     -6.63567
    0.397516     -6.63217
    0.402866     -6.64317
    0.408215     -6.66847
    0.413565     -6.70617
    0.418914     -6.75327
    0.424264     -6.80677
    0.429613     -6.86417
    0.434963     -6.92297
    0.440312     -6.98127
    0.445662     -7.03767
    0.451011     -7.09077
    0.456361     -7.13977
     0.46171     -7.18367
     0.46706     -7.22177
    0.472409     -7.25367
    0.477759     -7.27897
    0.483108     -7.29717
    0.488458     -7.30827
    0.493807     -7.31187

           0     -4.36007
  0.00463745     -4.36567
  0.00927491     -4.38247
   0.0139124     -4.40997
   0.0185498     -4.44777
   0.0231873     -4.49517
   0.0278247     -4.55127
   0.0324622     -4.61517
   0.0370996     -4.68567
   0.0417371     -4.76187
   0.0463745     -4.84227
    0.051012     -4.92587
   0.0556494     -5.01117
   0.0602869     -5.09677
   0.0649243     -5.18117
   0.0695618     -5.26267
   0.0741993     -5.33947
   0.0788367     -5.40977
   0.0834742     -5.47157
   0.0881116     -5.52317
   0.0927491     -5.56367
   0.0973865     -5.59297
    0.102024     -5.61257
    0.106661     -5.62457
    0.111299     -5.71097
    0.115936     -5.80137
    0.120574     -5.88847
    0.125211     -5.97167
    0.129849     -6.05067
    0.134486     -6.12477
    0.139124     -6.19357
    0.143761     -6.25667
    0.148398     -6.31337
    0.153036     -6.36347
    0.157673     -6.40657
    0.162311     -6.44217
    0.166948     -6.47027
    0.171586     -6.49047
    0.176223     -6.50267
    0.180861     -6.50677
    0.180861     -6.50677
    0.183535     -6.50757
     0.18621     -6.50997
    0.188885     -6.51397
     0.19156     -6.51967
    0.194234     -6.52687
    0.196909     -6.53567
    0.199584     -6.54607
    0.202259     -6.55797
    0.204934     -6.57127
    0.207608     -6.58607
    0.210283     -6.60227
    0.212958     -6.61977
    0.215633     -6.63847
    0.218307     -6.65827
    0.220982     -6.67907
    0.223657     -6.70077
    0.226332     -6.72317
    0.229006     -6.74617
    0.231681     -6.76967
    0.234356     -6.79357
    0.237031     -6.81747
    0.239705     -6.84137
     0.24238     -6.86517
    0.245055     -6.88857
     0.24773     -6.85387
    0.250404     -6.80837
    0.253079     -6.76177
    0.255754     -6.71447
    0.258429     -6.66657
    0.261104     -6.61827
    0.263778     -6.56997
    0.266453     -6.52207
    0.269128     -6.47507
    0.271803     -6.42987
    0.274477     -6.38767
    0.277152     -6.35007
    0.279827     -6.31957
    0.282502     -6.29917
    0.285176     -6.29157
    0.285176     -6.29157
    0.290526     -6.32007
    0.295875     -6.38537
    0.301225     -6.46447
    0.306574     -6.54407
    0.311924     -6.61777
    0.317273     -6.68227
    0.322623     -6.73607
    0.327972     -6.77127
    0.333322     -6.68467
    0.338672     -6.58877
    0.344021     -6.48407
    0.349371     -6.37117
     0.35472     -6.25077
     0.36007     -6.12387
    0.365419     -5.99147
    0.370769     -5.85477
    0.376118     -5.71557
    0.381468     -5.57597
    0.386817     -5.54667
    0.392167     -5.55297
    0.397516     -5.54327
    0.402866     -5.51577
    0.408215     -5.47027
    0.413565     -5.40887
    0.418914     -5.33427
    0.424264     -5.24987
    0.429613     -5.15857
    0.434963     -5.06337
    0.440312     -4.96657
    0.445662     -4.87067
    0.451011     -4.77787
    0.456361     -4.68997
     0.46171     -4.60917
     0.46706     -4.53717
    0.472409     -4.47567
    0.477759     -4.42607
    0.483108     -4.38977
    0.488458     -4.36757
    0.493807     -4.36007

           0     -4.36007
  0.00463745     -4.35757
  0.00927491     -4.34987
   0.0139124     -4.33717
   0.0185498     -4.31947
   0.0231873     -4.29677
   0.0278247     -4.26937
   0.0324622     -4.23717
   0.0370996     -4.20057
   0.0417371     -4.22247
   0.0463745     -4.32097
    0.051012     -4.42027
   0.0556494     -4.52017
   0.0602869     -4.62047
   0.0649243     -4.72127
   0.0695618     -4.82227
   0.0741993     -4.92347
   0.0788367     -5.02477
   0.0834742     -5.12577
   0.0881116     -5.22637
   0.0927491     -5.32617
   0.0973865     -5.42497
    0.102024     -5.52227
    0.106661     -5.61777
    0.111299     -5.63187
    0.115936     -5.63717
    0.120574     -5.64277
    0.125211     -5.65007
    0.129849     -5.66007
    0.134486     -5.67297
    0.139124     -5.68817
    0.143761     -5.70527
    0.148398     -5.72317
    0.153036     -5.74107
    0.157673     -5.75797
    0.162311     -5.77307
    0.166948     -5.78557
    0.171586     -5.79497
    0.176223     -5.80067
    0.180861     -5.80267
    0.180861     -5.80267
    0.183535     -5.80227
     0.18621     -5.80117
    0.188885     -5.79937
     0.19156     -5.79677
    0.194234     -5.79357
    0.196909     -5.78967
    0.199584     -5.78507
    0.202259     -5.77987
    0.204934     -5.77407
    0.207608     -5.76767
    0.210283     -5.76087
    0.212958     -5.75347
    0.215633     -5.74577
    0.218307     -5.73757
    0.220982     -5.72917
    0.223657     -5.72047
    0.226332     -5.71157
    0.229006     -5.70267
    0.231681     -5.69357
    0.234356     -5.68467
    0.237031     -5.67587
    0.239705     -5.66737
     0.24238     -5.65917
    0.245055     -5.65167
     0.24773     -5.64487
    0.250404     -5.63907
    0.253079     -5.63457
    0.255754     -5.63177
    0.258429     -5.63137
    0.261104     -5.63397
    0.263778     -5.64047
    0.266453     -5.65177
    0.269128     -5.66857
    0.271803     -5.69097
    0.274477     -5.71757
    0.277152     -5.74567
    0.279827     -5.77137
    0.282502     -5.78987
    0.285176     -5.79707
    0.285176     -5.79707
    0.290526     -5.76837
    0.295875     -5.70017
    0.301225     -5.61557
    0.306574     -5.53187
    0.311924     -5.46177
    0.317273     -5.41167
    0.322623     -5.37947
    0.327972     -5.36027
    0.333322     -5.35057
    0.338672     -5.34897
    0.344021     -5.35477
    0.349371     -5.36737
     0.35472     -5.38647
     0.36007     -5.41117
    0.365419     -5.43997
    0.370769     -5.47097
    0.376118     -5.50157
    0.381468     -5.52817
    0.386817     -5.43897
    0.392167     -5.30817
    0.397516     -5.18767
    0.402866     -5.07937
    0.408215     -4.98167
    0.413565     -4.89037
    0.418914     -4.80137
    0.424264     -4.71187
    0.429613     -4.62027
    0.434963     -4.52577
    0.440312     -4.42817
    0.445662     -4.32777
    0.451011     -4.22477
    0.456361     -4.19937
     0.46171     -4.24077
     0.46706     -4.27657
    0.472409     -4.30627
    0.477759     -4.32967
    0.483108     -4.34657
    0.488458     -4.35667
    0.493807     -4.36007

           0     -3.48577
  0.00463745     -3.51457
  0.00927491     -3.58017
   0.0139124     -3.66067
   0.0185498     -3.74797
   0.0231873     -3.83907
   0.0278247     -3.93267
   0.0324622     -4.02797
   0.0370996     -4.12467
   0.0417371     -4.15957
   0.0463745     -4.11457
    0.051012     -4.06557
   0.0556494     -4.01307
   0.0602869     -3.95727
   0.0649243     -3.89847
   0.0695618     -3.92437
   0.0741993     -3.99117
   0.0788367     -4.05757
   0.0834742     -4.12317
   0.0881116     -4.18747
   0.0927491     -4.25017
   0.0973865     -4.31117
    0.102024     -4.36997
    0.106661     -4.42657
    0.111299     -4.48057
    0.115936     -4.53177
    0.120574     -4.58017
    0.125211     -4.62547
    0.129849     -4.66767
    0.134486     -4.70647
    0.139124     -4.74187
    0.143761     -4.77387
    0.148398     -4.80217
    0.153036     -4.82687
    0.157673     -4.84787
    0.162311     -4.86517
    0.166948     -4.87857
    0.171586     -4.88827
    0.176223     -4.89407
    0.180861     -4.89597
    0.180861     -4.89597
    0.183535     -4.89617
     0.18621     -4.89687
    0.188885     -4.89797
     0.19156     -4.89937
    0.194234     -4.90097
    0.196909     -4.90277
    0.199584     -4.90447
    0.202259     -4.90607
    0.204934     -4.90727
    0.207608     -4.90807
    0.210283     -4.90827
    0.212958     -4.90777
    0.215633     -4.90637
    0.218307     -4.90397
    0.220982     -4.90057
    0.223657     -4.89607
    0.226332     -4.89047
    0.229006     -4.88357
    0.231681     -4.87557
    0.234356     -4.86637
    0.237031     -4.85597
    0.239705     -4.84447
     0.24238     -4.83187
    0.245055     -4.81837
     0.24773     -4.80397
    0.250404     -4.78877
    0.253079     -4.78577
    0.255754     -4.86907
    0.258429     -4.94817
    0.261104     -5.02217
    0.263778     -5.08967
    0.266453     -5.14927
    0.269128     -5.19957
    0.271803     -5.23967
    0.274477     -5.26967
    0.277152     -5.29037
    0.279827     -5.30337
    0.282502     -5.31017
    0.285176     -5.31237
    0.285176     -5.31237
    0.290526     -5.30547
    0.295875     -5.28797
    0.301225     -5.25987
    0.306574     -5.21737
    0.311924     -5.15477
    0.317273     -5.06957
    0.322623     -4.96677
    0.327972     -4.89807
    0.333322     -4.93687
    0.338672     -4.97097
    0.344021     -4.99947
    0.349371     -5.02147
     0.35472     -5.03627
     0.36007     -5.04337
    0.365419     -5.04197
    0.370769     -5.03127
    0.376118     -5.01047
    0.381468     -4.97807
    0.386817     -4.93207
    0.392167     -4.86997
    0.397516     -4.78887
    0.402866     -4.68837
    0.408215     -4.57137
    0.413565     -4.44387
    0.418914     -4.31157
    0.424264     -4.17907
    0.429613     -4.04987
    0.434963     -3.99007
    0.440312     -4.04727
    0.445662     -4.10187
    0.451011     -4.15287
    0.456361     -4.11987
     0.46171     -4.01387
     0.46706     -3.90757
    0.472409     -3.80227
    0.477759     -3.69987
    0.483108     -3.60387
    0.488458     -3.52307
    0.493807     -3.48577

           0     -3.24977
  0.00463745     -3.25387
  0.00927491     -3.26597
   0.0139124     -3.28597
   0.0185498     -3.31337
   0.0231873     -3.34767
   0.0278247     -3.38827
   0.0324622     -3.43447
   0.0370996     -3.48567
   0.0417371     -3.54107
   0.0463745     -3.60007
    0.051012     -3.66177
   0.0556494     -3.72567
   0.0602869     -3.79107
   0.0649243     -3.85747
   0.0695618     -3.83707
   0.0741993     -3.77357
   0.0788367     -3.70817
   0.0834742     -3.64147
   0.0881116     -3.57387
   0.0927491     -3.50597
   0.0973865     -3.43817
    0.102024     -3.37097
    0.106661     -3.30497
    0.111299     -3.27627
    0.115936     -3.31917
    0.120574     -3.35947
    0.125211     -3.39687
    0.129849     -3.43137
    0.134486     -3.46267
    0.139124     -3.49087
    0.143761     -3.51597
    0.148398     -3.53787
    0.153036     -3.55677
    0.157673     -3.57257
    0.162311     -3.58547
    0.166948     -3.59537
    0.171586     -3.60247
    0.176223     -3.60667
    0.180861     -3.60807
    0.180861     -3.60807
    0.183535     -3.60787
     0.18621     -3.60727
    0.188885     -3.60617
     0.19156     -3.60487
    0.194234     -3.60327
    0.196909     -3.60147
    0.199584     -3.59967
    0.202259     -3.59807
    0.204934     -3.59667
    0.207608     -3.59567
    0.210283     -3.59517
    0.212958     -3.59527
    0.215633     -3.59627
    0.218307     -3.59807
    0.220982     -3.67447
    0.223657     -3.76647
    0.226332     -3.85957
    0.229006     -3.95367
    0.231681     -4.04827
    0.234356     -4.14317
    0.237031     -4.23807
    0.239705     -4.33257
     0.24238     -4.42627
    0.245055     -4.51897
     0.24773     -4.61007
    0.250404     -4.69917
    0.253079     -4.77297
    0.255754     -4.75667
    0.258429     -4.74017
    0.261104     -4.72357
    0.263778     -4.70717
    0.266453     -4.69137
    0.269128     -4.67627
    0.271803     -4.66247
    0.274477     -4.65027
    0.277152     -4.64007
    0.279827     -4.63237
    0.282502     -4.62747
    0.285176     -4.62577
    0.285176     -4.62577
    0.290526     -4.63297
    0.295875     -4.65317
    0.301225     -4.68417
    0.306574     -4.72287
    0.311924     -4.76607
    0.317273     -4.81107
    0.322623     -4.85567
    0.327972     -4.85337
    0.333322     -4.73457
    0.338672     -4.61347
    0.344021     -4.49237
    0.349371     -4.37287
     0.35472     -4.25617
     0.36007     -4.14407
    0.365419     -4.03837
    0.370769     -3.94127
    0.376118     -3.85577
    0.381468     -3.78517
    0.386817     -3.73287
    0.392167     -3.70157
    0.397516     -3.69187
    0.402866     -3.70237
    0.408215     -3.72967
    0.413565     -3.76997
    0.418914     -3.81917
    0.424264     -3.87407
    0.429613     -3.93177
    0.434963     -3.92647
    0.440312     -3.81077
    0.445662     -3.70437
    0.451011     -3.60827
    0.456361     -3.52317
     0.46171     -3.44967
     0.46706     -3.38787
    0.472409     -3.33767
    0.477759     -3.29897
    0.483108     -3.27157
    0.488458     -3.25517
    0.493807     -3.24977

           0     -3.24977
  0.00463745     -3.22437
  0.00927491     -3.16907
   0.0139124     -3.10597
   0.0185498     -3.04367
   0.0231873     -2.98557
   0.0278247     -2.93357
   0.0324622     -2.88917
   0.0370996     -2.85337
   0.0417371     -2.82687
   0.0463745     -2.81027
    0.051012     -2.80377
   0.0556494     -2.80727
   0.0602869     -2.82017
   0.0649243     -2.84177
   0.0695618     -2.87097
   0.0741993     -2.90667
   0.0788367     -2.94737
   0.0834742     -2.99187
   0.0881116     -3.03887
   0.0927491     -3.08727
   0.0973865     -3.13597
    0.102024     -3.18417
    0.106661     -3.23117
    0.111299     -3.24067
    0.115936     -3.17847
    0.120574     -3.11907
    0.125211     -3.06267
    0.129849     -3.00977
    0.134486     -2.96077
    0.139124     -2.91587
    0.143761     -2.87537
    0.148398     -2.83937
    0.153036     -2.80817
    0.157673     -2.78157
    0.162311     -2.75987
    0.166948     -2.74297
    0.171586     -2.73097
    0.176223     -2.72367
    0.180861     -2.72127
    0.180861     -2.72127
    0.183535     -2.72997
     0.18621     -2.75457
    0.188885     -2.79187
     0.19156     -2.83897
    0.194234     -2.89367
    0.196909     -2.95457
    0.199584     -3.02057
    0.202259     -3.09117
    0.204934     -3.16567
    0.207608     -3.24367
    0.210283     -3.32497
    0.212958     -3.40897
    0.215633     -3.49547
    0.218307     -3.58407
    0.220982     -3.60097
    0.223657     -3.60487
    0.226332     -3.61007
    0.229006     -3.61647
    0.231681     -3.62417
    0.234356     -3.63317
    0.237031     -3.64347
    0.239705     -3.65507
     0.24238     -3.66797
    0.245055     -3.68207
     0.24773     -3.69727
    0.250404     -3.71347
    0.253079     -3.73047
    0.255754     -3.74817
    0.258429     -3.76627
    0.261104     -3.78447
    0.263778     -3.80267
    0.266453     -3.82037
    0.269128     -3.83717
    0.271803     -3.85277
    0.274477     -3.86657
    0.277152     -3.87807
    0.279827     -3.88687
    0.282502     -3.89247
    0.285176     -3.89447
    0.285176     -3.89447
    0.290526     -3.88597
    0.295875     -3.86197
    0.301225     -3.82387
    0.306574     -3.77437
    0.311924     -3.71627
    0.317273     -3.65207
    0.322623     -3.58347
    0.327972     -3.51217
    0.333322     -3.43947
    0.338672     -3.36647
    0.344021     -3.29407
    0.349371     -3.22297
     0.35472     -3.15397
     0.36007     -3.08787
    0.365419     -3.02497
    0.370769     -2.96607
    0.376118     -2.91157
    0.381468     -2.86177
    0.386817     -2.81727
    0.392167     -2.77827
    0.397516     -2.74507
    0.402866     -2.71787
    0.408215     -2.69707
    0.413565     -2.68277
    0.418914     -2.67507
    0.424264     -2.67437
    0.429613     -2.68087
    0.434963     -2.69457
    0.440312     -2.71587
    0.445662     -2.74487
    0.451011     -2.78157
    0.456361     -2.82617
     0.46171     -2.87847
     0.46706     -2.93807
    0.472409     -3.00437
    0.477759     -3.07597
    0.483108     -3.14977
    0.488458     -3.21707
    0.493807     -3.24977

           0     -1.77247
  0.00463745     -1.77357
  0.00927491     -1.77687
   0.0139124     -1.78247
   0.0185498     -1.79067
   0.0231873     -1.80197
   0.0278247     -1.81667
   0.0324622     -1.83537
   0.0370996     -1.85867
   0.0417371     -1.88697
   0.0463745     -1.92097
    0.051012     -1.96077
   0.0556494     -2.00677
   0.0602869     -2.05877
   0.0649243     -2.11627
   0.0695618     -2.17847
   0.0741993     -2.24437
   0.0788367     -2.31227
   0.0834742     -2.38077
   0.0881116     -2.44767
   0.0927491     -2.51117
   0.0973865     -2.56917
    0.102024     -2.61987
    0.106661     -2.66157
    0.111299     -2.69287
    0.115936     -2.71297
    0.120574     -2.72137
    0.125211     -2.71827
    0.129849     -2.70467
    0.134486     -2.68167
    0.139124     -2.65117
    0.143761     -2.61527
    0.148398     -2.57617
    0.153036     -2.53637
    0.157673     -2.49797
    0.162311     -2.46327
    0.166948     -2.43417
    0.171586     -2.41217
    0.176223     -2.39847
    0.180861     -2.39377
    0.180861     -2.39377
    0.183535     -2.38887
     0.18621     -2.37537
    0.188885     -2.35647
     0.19156     -2.33487
    0.194234     -2.31247
    0.196909     -2.29047
    0.199584     -2.26937
    0.202259     -2.24947
    0.204934     -2.23087
    0.207608     -2.21347
    0.210283     -2.19717
    0.212958     -2.18187
    0.215633     -2.16717
    0.218307     -2.15307
    0.220982     -2.13937
    0.223657     -2.12577
    0.226332     -2.11207
    0.229006     -2.09827
    0.231681     -2.08397
    0.234356     -2.06937
    0.237031     -2.05407
    0.239705     -2.03817
     0.24238     -2.02157
    0.245055     -2.00427
     0.24773     -1.98637
    0.250404     -1.96777
    0.253079     -1.94877
    0.255754     -1.92937
    0.258429     -1.90977
    0.261104     -1.89037
    0.263778     -1.87127
    0.266453     -1.85297
    0.269128     -1.83567
    0.271803     -1.81987
    0.274477     -1.80607
    0.277152     -1.79457
    0.279827     -1.78597
    0.282502     -1.78047
    0.285176     -1.77847
    0.285176     -1.77847
    0.290526     -1.78677
    0.295875     -1.81067
    0.301225     -1.84897
    0.306574     -1.89947
    0.311924     -1.95887
    0.317273     -2.02417
    0.322623     -2.09227
    0.327972     -2.16067
    0.333322     -2.22697
    0.338672     -2.28967
    0.344021     -2.34747
    0.349371     -2.39947
     0.35472     -2.44537
     0.36007     -2.48467
    0.365419     -2.51727
    0.370769     -2.54237
    0.376118     -2.55867
    0.381468     -2.56417
    0.386817     -2.55637
    0.392167     -2.53347
    0.397516     -2.49497
    0.402866     -2.44267
    0.408215     -2.37977
    0.413565     -2.31037
    0.418914     -2.23837
    0.424264     -2.16717
    0.429613     -2.09947
    0.434963     -2.03727
    0.440312     -1.98177
    0.445662     -1.93387
    0.451011     -1.89347
    0.456361     -1.86017
     0.46171     -1.83357
     0.46706     -1.81287
    0.472409     -1.79727
    0.477759     -1.78587
    0.483108     -1.77827
    0.488458     -1.77387
    0.493807     -1.77247

           0     0.997425
  0.00463745     0.993125
  0.00927491     0.980525
   0.0139124     0.960625
   0.0185498     0.935025
   0.0231873     0.905525
   0.0278247     0.874525
   0.0324622     0.844425
   0.0370996     0.817525
   0.0417371     0.770025
   0.0463745     0.700725
    0.051012     0.635725
   0.0556494     0.576525
   0.0602869     0.524525
   0.0649243     0.480625
   0.0695618     0.445425
   0.0741993     0.419025
   0.0788367     0.401425
   0.0834742     0.392225
   0.0881116     0.390825
   0.0927491     0.396725
   0.0973865     0.408925
    0.102024     0.426825
    0.106661     0.449725
    0.111299     0.441425
    0.115936     0.423025
    0.120574     0.408225
    0.125211     0.397025
    0.129849     0.389025
    0.134486     0.384125
    0.139124     0.381925
    0.143761     0.381925
    0.148398     0.383725
    0.153036     0.386725
    0.157673     0.390425
    0.162311     0.394225
    0.166948     0.397825
    0.171586     0.400725
    0.176223     0.402525
    0.180861     0.403225
    0.180861     0.403225
    0.183535     0.403725
     0.18621     0.405125
    0.188885     0.407425
     0.19156     0.410225
    0.194234     0.413525
    0.196909     0.416825
    0.199584     0.419825
    0.202259     0.422025
    0.204934     0.423125
    0.207608     0.422725
    0.210283     0.420425
    0.212958     0.416025
    0.215633     0.409325
    0.218307     0.400125
    0.220982     0.388525
    0.223657     0.374525
    0.226332     0.358125
    0.229006     0.339525
    0.231681     0.318925
    0.234356     0.296425
    0.237031     0.272225
    0.239705     0.246525
     0.24238     0.219625
    0.245055     0.191625
     0.24773     0.162825
    0.250404     0.133625
    0.253079     0.104025
    0.255754    0.0746255
    0.258429    0.0455255
    0.261104    0.0172255
    0.263778  -0.00987454
    0.266453   -0.0353745
    0.269128   -0.0589745
    0.271803   -0.0800745
    0.274477   -0.0982745
    0.277152    -0.113075
    0.279827    -0.124075
    0.282502    -0.130975
    0.285176    -0.133475
    0.285176    -0.133475
    0.290526    -0.123375
    0.295875   -0.0949745
    0.301225   -0.0500745
    0.306574   0.00782546
    0.311924    0.0745255
    0.317273     0.145325
    0.322623     0.215825
    0.327972     0.281425
    0.333322     0.337825
    0.338672     0.379925
    0.344021     0.401825
    0.349371     0.397825
     0.35472     0.367825
     0.36007     0.320925
    0.365419     0.269825
    0.370769     0.224125
    0.376118     0.189225
    0.381468     0.167925
    0.386817     0.161025
    0.392167     0.168125
    0.397516     0.187725
    0.402866     0.218025
    0.408215     0.256825
    0.413565     0.302125
    0.418914     0.352625
    0.424264     0.407725
    0.429613     0.467425
    0.434963     0.532225
    0.440312     0.602525
    0.445662     0.678025
    0.451011     0.757625
    0.456361     0.797825
     0.46171     0.837025
     0.46706     0.877125
    0.472409     0.915325
    0.477759     0.948825
    0.483108     0.975025
    0.488458     0.991725
    0.493807     0.997425

           0     0.997425
  0.00463745      1.00183
  0.00927491      1.01483
   0.0139124      1.03623
   0.0185498      1.06553
   0.0231873      1.04783
   0.0278247     0.982925
   0.0324622     0.913425
   0.0370996     0.841625
   0.0417371     0.795925
   0.0463745     0.781725
    0.051012     0.776225
   0.0556494     0.780525
   0.0602869     0.795225
   0.0649243     0.794825
   0.0695618     0.750125
   0.0741993     0.706525
   0.0788367     0.664225
   0.0834742     0.623925
   0.0881116     0.585925
   0.0927491     0.550625
   0.0973865     0.518225
    0.102024     0.489125
    0.106661     0.463525
    0.111299     0.476725
    0.115936     0.507325
    0.120574     0.540625
    0.125211     0.576225
    0.129849     0.613325
    0.134486     0.651325
    0.139124     0.689725
    0.143761     0.727625
    0.148398     0.764525
    0.153036     0.799325
    0.157673     0.831425
    0.162311     0.859525
    0.166948     0.882825
    0.171586     0.900325
    0.176223     0.911125
    0.180861     0.914825
    0.180861     0.914825
    0.183535     0.915125
     0.18621     0.916225
    0.188885     0.918025
     0.19156     0.920725
    0.194234     0.924425
    0.196909     0.929425
    0.199584     0.935925
    0.202259     0.944225
    0.204934     0.954525
    0.207608     0.967025
    0.210283     0.981925
    0.212958     0.999325
    0.215633      1.01923
    0.218307      1.04163
    0.220982      1.06633
    0.223657      1.09323
    0.226332      1.12213
    0.229006      1.15273
    0.231681      1.18483
    0.234356      1.21813
    0.237031      1.25233
    0.239705      1.28723
     0.24238      1.32253
    0.245055      1.35793
     0.24773      1.39323
    0.250404      1.42803
    0.253079      1.42373
    0.255754      1.39773
    0.258429      1.37443
    0.261104      1.35373
    0.263778      1.33553
    0.266453      1.32003
    0.269128      1.30693
    0.271803      1.29613
    0.274477      1.28763
    0.277152      1.28133
    0.279827      1.27693
    0.282502      1.27443
    0.285176      1.27353
    0.285176      1.27353
    0.290526      1.27653
    0.295875      1.28393
    0.301225      1.29423
    0.306574      1.30553
    0.311924      1.31623
    0.317273      1.32453
    0.322623      1.27513
    0.327972      1.16613
    0.333322      1.05753
    0.338672     0.955125
    0.344021     0.866525
    0.349371     0.799825
     0.35472     0.757825
     0.36007     0.734525
    0.365419     0.720225
    0.370769     0.708725
    0.376118     0.697225
    0.381468     0.685325
    0.386817     0.674025
    0.392167     0.664825
    0.397516     0.659525
    0.402866     0.660125
    0.408215     0.668225
    0.413565     0.685425
    0.418914     0.699325
    0.424264     0.688525
    0.429613     0.686325
    0.434963     0.693025
    0.440312     0.708325
    0.445662     0.731725
    0.451011     0.762025
    0.456361     0.839525
     0.46171     0.921425
     0.46706     0.999925
    0.472409      1.07173
    0.477759      1.04933
    0.483108      1.02063
    0.488458      1.00323
    0.493807     0.997425

           0      1.21993
  0.00463745      1.21223
  0.00927491      1.18973
   0.0139124      1.15353
   0.0185498      1.10543
   0.0231873      1.10223
   0.0278247      1.12243
   0.0324622      1.08973
   0.0370996      1.05353
   0.0417371      1.01433
   0.0463745     0.972825
    0.051012     0.929525
   0.0556494     0.885125
   0.0602869     0.840025
   0.0649243     0.820225
   0.0695618     0.855325
   0.0741993     0.899725
   0.0788367     0.952625
   0.0834742      1.01283
   0.0881116      1.07903
   0.0927491      1.15023
   0.0973865      1.22503
    0.102024      1.30223
    0.106661      1.38063
    0.111299      1.45913
    0.115936      1.53663
    0.120574      1.61213
    0.125211      1.68463
    0.129849      1.75343
    0.134486      1.81763
    0.139124      1.87663
    0.143761      1.93003
    0.148398      1.97753
    0.153036      2.01863
    0.157673      2.05343
    0.162311      2.08183
    0.166948      2.10373
    0.171586      2.11943
    0.176223      2.12873
    0.180861      2.13183
    0.180861      2.13183
    0.183535      2.13323
     0.18621      2.13723
    0.188885      2.14373
     0.19156      2.15253
    0.194234      2.16323
    0.196909      2.17493
    0.199584      2.18553
    0.202259      2.19033
    0.204934      2.18053
    0.207608      2.15243
    0.210283      2.11263
    0.212958      2.06703
    0.215633      2.01843
    0.218307      1.96853
    0.220982      1.91813
    0.223657      1.86793
    0.226332      1.81843
    0.229006      1.77003
    0.231681      1.72303
    0.234356      1.67773
    0.237031      1.63433
    0.239705      1.59313
     0.24238      1.55423
    0.245055      1.51773
     0.24773      1.48383
    0.250404      1.45243
    0.253079      1.46223
    0.255754      1.49543
    0.258429      1.52733
    0.261104      1.55773
    0.263778      1.58633
    0.266453      1.61263
    0.269128      1.63653
    0.271803      1.65763
    0.274477      1.67553
    0.277152      1.69003
    0.279827      1.70073
    0.282502      1.70743
    0.285176      1.70983
    0.285176      1.70983
    0.290526      1.69983
    0.295875      1.67073
    0.301225      1.62253
    0.306574      1.55633
    0.311924      1.47413
    0.317273      1.37923
    0.322623      1.32853
    0.327972      1.32693
    0.333322      1.31853
    0.338672      1.30243
    0.344021      1.27853
    0.349371      1.24713
     0.35472      1.20893
     0.36007      1.16513
    0.365419      1.11703
    0.370769      1.06603
    0.376118      1.01363
    0.381468     0.961325
    0.386817     0.910525
    0.392167     0.862225
    0.397516     0.817925
    0.402866     0.778525
    0.408215     0.745025
    0.413565     0.718325
    0.418914     0.712125
    0.424264     0.747925
    0.429613     0.791325
    0.434963     0.840225
    0.440312     0.892225
    0.445662     0.944925
    0.451011     0.996325
    0.456361      1.04473
     0.46171      1.08883
     0.46706      1.12753
    0.472409      1.08893
    0.477759      1.13303
    0.483108      1.18003
    0.488458      1.20973
    0.493807      1.21993

           0      1.21993
  0.00463745      1.21703
  0.00927491      1.20853
   0.0139124      1.19453
   0.0185498      1.17523
   0.0231873      1.15113
   0.0278247      1.14543
   0.0324622      1.19453
   0.0370996      1.24853
   0.0417371      1.30663
   0.0463745      1.36803
    0.051012      1.43173
   0.0556494      1.49703
   0.0602869      1.56313
   0.0649243      1.62933
   0.0695618      1.69503
   0.0741993      1.75963
   0.0788367      1.82253
   0.0834742      1.88353
   0.0881116      1.94213
   0.0927491      1.99793
   0.0973865      2.05093
    0.102024      2.10083
    0.106661      2.14743
    0.111299      2.19083
    0.115936      2.23093
    0.120574      2.26773
    0.125211      2.30123
    0.129849      2.33163
    0.134486      2.35883
    0.139124      2.38303
    0.143761      2.40433
    0.148398      2.42283
    0.153036      2.43863
    0.157673      2.45183
    0.162311      2.46253
    0.166948      2.47073
    0.171586      2.47663
    0.176223      2.48003
    0.180861      2.48123
    0.180861      2.48123
    0.183535      2.47793
     0.18621      2.46833
    0.188885      2.45253
     0.19156      2.43123
    0.194234      2.40523
    0.196909      2.37593
    0.199584      2.34583
    0.202259      2.32033
    0.204934      2.30863
    0.207608      2.31483
    0.210283      2.33293
    0.212958      2.35743
    0.215633      2.38573
    0.218307      2.41653
    0.220982      2.44913
    0.223657      2.48323
    0.226332      2.51823
    0.229006      2.55393
    0.231681      2.59003
    0.234356      2.62623
    0.237031      2.66233
    0.239705      2.69783
     0.24238      2.73273
    0.245055      2.76663
     0.24773      2.79943
    0.250404      2.83073
    0.253079      2.86043
    0.255754      2.88833
    0.258429      2.91433
    0.261104      2.93803
    0.263778      2.95953
    0.266453      2.97863
    0.269128      2.99533
    0.271803      3.00943
    0.274477      3.02093
    0.277152      3.02983
    0.279827      3.03613
    0.282502      3.03993
    0.285176      3.04123
    0.285176      3.04123
    0.290526      3.03623
    0.295875      3.02263
    0.301225      3.00163
    0.306574      2.97463
    0.311924      2.94323
    0.317273      2.90893
    0.322623      2.87323
    0.327972      2.83743
    0.333322      2.80243
    0.338672      2.76853
    0.344021      2.73563
    0.349371      2.70313
     0.35472      2.66993
     0.36007      2.63463
    0.365419      2.59593
    0.370769      2.55263
    0.376118      2.50343
    0.381468      2.44783
    0.386817      2.38543
    0.392167      2.31623
    0.397516      2.24043
    0.402866      2.15883
    0.408215      2.07213
    0.413565      1.98153
    0.418914      1.88803
    0.424264      1.79303
    0.429613      1.69783
    0.434963      1.60373
    0.440312      1.51233
    0.445662      1.42473
    0.451011      1.34243
    0.456361      1.26663
     0.46171      1.19843
     0.46706      1.13893
    0.472409      1.16013
    0.477759      1.18603
    0.483108      1.20473
    0.488458      1.21613
    0.493807      1.21993

           0      3.63593
  0.00463745      3.64083
  0.00927491      3.65523
   0.0139124      3.67833
   0.0185498      3.70933
   0.0231873      3.74713
   0.0278247      3.79093
   0.0324622      3.84013
   0.0370996      3.89423
   0.0417371      3.95303
   0.0463745      4.01633
    0.051012      4.08403
   0.0556494      4.15623
   0.0602869      4.23273
   0.0649243      4.31333
   0.0695618      4.39813
   0.0741993      4.48673
   0.0788367      4.57893
   0.0834742      4.67453
   0.0881116      4.77293
   0.0927491      4.87363
   0.0973865      4.97603
    0.102024      5.07903
    0.106661      5.18153
    0.111299      5.28143
    0.115936      5.37533
    0.120574      5.45573
    0.125211      5.50493
    0.129849      5.48833
    0.134486      5.39473
    0.139124      5.26003
    0.143761      5.11373
    0.148398      4.96933
    0.153036      4.83373
    0.157673      4.71153
    0.162311      4.60633
    0.166948      4.52123
    0.171586      4.45853
    0.176223      4.42013
    0.180861      4.40713
    0.180861      4.40713
    0.183535      4.40853
     0.18621      4.41253
    0.188885      4.41913
     0.19156      4.42833
    0.194234      4.44003
    0.196909      4.45393
    0.199584      4.47013
    0.202259      4.48833
    0.204934      4.50853
    0.207608      4.53043
    0.210283      4.55393
    0.212958      4.57903
    0.215633      4.60553
    0.218307      4.63333
    0.220982      4.66243
    0.223657      4.69253
    0.226332      4.72383
    0.229006      4.75613
    0.231681      4.78943
    0.234356      4.82363
    0.237031      4.85873
    0.239705      4.89463
     0.24238      4.93143
    0.245055      4.96893
     0.24773      5.00723
    0.250404      5.04603
    0.253079      5.08543
    0.255754      5.12523
    0.258429      5.16533
    0.261104      5.20553
    0.263778      5.24553
    0.266453      5.28503
    0.269128      5.32353
    0.271803      5.36023
    0.274477      5.39403
    0.277152      5.42343
    0.279827      5.44653
    0.282502      5.46103
    0.285176      5.46613
    0.285176      5.46613
    0.290526      5.45153
    0.295875      5.42793
    0.301225      5.41383
    0.306574      5.41733
    0.311924      5.44073
    0.317273      5.48333
    0.322623      5.54293
    0.327972      5.61663
    0.333322      5.70113
    0.338672      5.79143
    0.344021      5.87963
    0.349371      5.95043
     0.35472      5.97563
     0.36007      5.93163
    0.365419      5.83253
    0.370769      5.70573
    0.376118      5.56753
    0.381468      5.42563
    0.386817      5.28413
    0.392167      5.14503
    0.397516      5.00963
    0.402866      4.87893
    0.408215      4.75353
    0.413565      4.63373
    0.418914      4.51983
    0.424264      4.41213
    0.429613      4.31073
    0.434963      4.21563
    0.440312      4.12703
    0.445662      4.04473
    0.451011      3.96893
    0.456361      3.89943
     0.46171      3.83653
     0.46706      3.78043
    0.472409      3.73183
    0.477759      3.69173
    0.483108      3.66143
    0.488458      3.64243
    0.493807      3.63593

           0      3.88733
  0.00463745      3.89063
  0.00927491      3.90023
   0.0139124      3.91643
   0.0185498      3.93883
   0.0231873      3.96763
   0.0278247      4.00273
   0.0324622      4.04383
   0.0370996      4.09113
   0.0417371      4.14433
   0.0463745      4.20343
    0.051012      4.26833
   0.0556494      4.33893
   0.0602869      4.41503
   0.0649243      4.49643
   0.0695618      4.58303
   0.0741993      4.67473
   0.0788367      4.77103
   0.0834742      4.87173
   0.0881116      4.97643
   0.0927491      5.08463
   0.0973865      5.19573
    0.102024      5.30893
    0.106661      5.42313
    0.111299      5.53693
    0.115936      5.64843
    0.120574      5.75483
    0.125211      5.85273
    0.129849      5.93833
    0.134486      5.97313
    0.139124      6.03103
    0.143761      6.09803
    0.148398      6.12453
    0.153036      6.14413
    0.157673      6.15983
    0.162311      6.17303
    0.166948      6.18413
    0.171586      6.19273
    0.176223      6.19823
    0.180861      6.20013
    0.180861      6.20013
    0.183535      6.20583
     0.18621      6.22283
    0.188885      6.25093
     0.19156      6.28973
    0.194234      6.33873
    0.196909      6.39743
    0.199584      6.46513
    0.202259      6.54123
    0.204934      6.62503
    0.207608      6.71573
    0.210283      6.81293
    0.212958      6.91593
    0.215633      7.02413
    0.218307      7.10683
    0.220982      7.18153
    0.223657      7.25563
    0.226332      7.32573
    0.229006      7.38493
    0.231681      7.41593
    0.234356      7.39763
    0.237031      7.31963
    0.239705      7.22493
     0.24238      7.12213
    0.245055      7.01653
     0.24773      6.91043
    0.250404      6.80513
    0.253079      6.70173
    0.255754      6.60073
    0.258429      6.50293
    0.261104      6.40873
    0.263778      6.31903
    0.266453      6.23443
    0.269128      6.15573
    0.271803      6.08403
    0.274477      6.02093
    0.277152      5.96813
    0.279827      5.92803
    0.282502      5.90283
    0.285176      5.89413
    0.285176      5.89413
    0.290526      5.92403
    0.295875      5.99233
    0.301225      6.08023
    0.306574      6.17843
    0.311924      6.28203
    0.317273      6.38683
    0.322623      6.48763
    0.327972      6.57523
    0.333322      6.63433
    0.338672      6.64833
    0.344021      6.61523
    0.349371      6.56133
     0.35472      6.40143
     0.36007      6.24043
    0.365419      6.08063
    0.370769      5.92283
    0.376118      5.76773
    0.381468      5.61623
    0.386817      5.46863
    0.392167      5.32563
    0.397516      5.18753
    0.402866      5.05493
    0.408215      4.92813
    0.413565      4.80743
    0.418914      4.69323
    0.424264      4.58573
    0.429613      4.48523
    0.434963      4.39203
    0.440312      4.30623
    0.445662      4.22803
    0.451011      4.15753
    0.456361      4.09503
     0.46171      4.04043
     0.46706      3.99403
    0.472409      3.95583
    0.477759      3.92593
    0.483108      3.90453
    0.488458      3.89163
    0.493807      3.88733

           0      4.34823
  0.00463745      4.35383
  0.00927491      4.37023
   0.0139124      4.39643
   0.0185498      4.43103
   0.0231873      4.47263
   0.0278247      4.52003
   0.0324622      4.57223
   0.0370996      4.62893
   0.0417371      4.68983
   0.0463745      4.75503
    0.051012      4.82473
   0.0556494      4.89873
   0.0602869      4.97743
   0.0649243      5.06073
   0.0695618      5.14873
   0.0741993      5.24153
   0.0788367      5.33903
   0.0834742      5.44133
   0.0881116      5.54833
   0.0927491      5.66003
   0.0973865      5.77633
    0.102024      5.89703
    0.106661      6.02133
    0.111299      6.14553
    0.115936      6.23233
    0.120574      6.12983
    0.125211      6.01323
    0.129849      5.95623
    0.134486      6.00793
    0.139124      6.06053
    0.143761      6.10303
    0.148398      6.17803
    0.153036      6.25073
    0.157673      6.31823
    0.162311      6.37803
    0.166948      6.42793
    0.171586      6.46563
    0.176223      6.48913
    0.180861      6.49713
    0.180861      6.49713
    0.183535      6.50063
     0.18621      6.51113
    0.188885      6.52853
     0.19156      6.55273
    0.194234      6.58363
    0.196909      6.62093
    0.199584      6.66443
    0.202259      6.71383
    0.204934      6.76873
    0.207608      6.82873
    0.210283      6.89323
    0.212958      6.96153
    0.215633      7.03303
    0.218307      7.13693
    0.220982      7.25333
    0.223657      7.37013
    0.226332      7.44663
    0.229006      7.42333
    0.231681      7.43883
    0.234356      7.49863
    0.237031      7.48453
    0.239705      7.50823
     0.24238      7.53383
    0.245055      7.56073
     0.24773      7.58823
    0.250404      7.61643
    0.253079      7.64503
    0.255754      7.67383
    0.258429      7.70263
    0.261104      7.73113
    0.263778      7.75903
    0.266453      7.78583
    0.269128      7.81103
    0.271803      7.83423
    0.274477      7.85473
    0.277152      7.87183
    0.279827      7.88503
    0.282502      7.89343
    0.285176      7.89653
    0.285176      7.89653
    0.290526      7.88313
    0.295875      7.84363
    0.301225      7.77853
    0.306574      7.69043
    0.311924      7.58333
    0.317273      7.46123
    0.322623      7.32753
    0.327972      7.18483
    0.333322      7.03543
    0.338672      6.88083
    0.344021      6.72283
    0.349371      6.56263
     0.35472      6.53183
     0.36007      6.56073
    0.365419      6.63013
    0.370769      6.58833
    0.376118      6.42183
    0.381468      6.25563
    0.386817      6.09443
    0.392167      5.93973
    0.397516      5.79203
    0.402866      5.65153
    0.408215      5.51823
    0.413565      5.39223
    0.418914      5.27343
    0.424264      5.16183
    0.429613      5.05723
    0.434963      4.95953
    0.440312      4.86863
    0.445662      4.78433
    0.451011      4.70633
    0.456361      4.63443
     0.46171      4.56853
     0.46706      4.50883
    0.472409      4.45603
    0.477759      4.41143
    0.483108      4.37733
    0.488458      4.35563
    0.493807      4.34823


