    -16.9644            0
    -16.9514            0
    -16.9385            0
    -16.9256            0
    -16.9127            0
    -16.8998            0
    -16.8868            0
    -16.8739            0
     -16.861            0
    -16.8481            0
    -16.8352            0
    -16.8222            0
    -16.8093            0
    -16.7964            0
    -16.7835            0
    -16.7705            0
    -16.7576            0
    -16.7447            0
    -16.7318            0
    -16.7189            0
    -16.7059            0
     -16.693            0
    -16.6801            0
    -16.6672            0
    -16.6543            0
    -16.6413            0
    -16.6284            0
    -16.6155            0
    -16.6026            0
    -16.5897            0
    -16.5767            0
    -16.5638            0
    -16.5509            0
     -16.538            0
     -16.525            0
    -16.5121            0
    -16.4992            0
    -16.4863            0
    -16.4734            0
    -16.4604            0
    -16.4475            0
    -16.4346            0
    -16.4217            0
    -16.4088            0
    -16.3958            0
    -16.3829            0
      -16.37            0
    -16.3571            0
    -16.3441            0
    -16.3312            0
    -16.3183            0
    -16.3054            0
    -16.2925            0
    -16.2795            0
    -16.2666            0
    -16.2537            0
    -16.2408            0
    -16.2279            0
    -16.2149            0
     -16.202            0
    -16.1891            0
    -16.1762            0
    -16.1632            0
    -16.1503            0
    -16.1374            0
    -16.1245            0
    -16.1116            0
    -16.0986            0
    -16.0857            0
    -16.0728            0
    -16.0599            0
     -16.047            0
     -16.034            0
    -16.0211            0
    -16.0082            0
    -15.9953            0
    -15.9823            0
    -15.9694            0
    -15.9565            0
    -15.9436            0
    -15.9307            0
    -15.9177            0
    -15.9048            0
    -15.8919            0
     -15.879            0
    -15.8661            0
    -15.8531            0
    -15.8402            0
    -15.8273            0
    -15.8144            0
    -15.8015            0
    -15.7885       0.0074
    -15.7756       0.0888
    -15.7627       0.1701
    -15.7498       0.2515
    -15.7368       0.3328
    -15.7239       0.4142
     -15.711       0.4955
    -15.6981       0.5769
    -15.6852       0.6583
    -15.6722       0.7396
    -15.6593        0.821
    -15.6464       0.4619
    -15.6335       0.4701
    -15.6206       0.4783
    -15.6076       0.4864
    -15.5947       0.4946
    -15.5818       0.5028
    -15.5689       0.5109
    -15.5559       0.5191
     -15.543       0.5273
    -15.5301       0.5354
    -15.5172       0.5436
    -15.5043       0.5518
    -15.4913         0.56
    -15.4784       0.5681
    -15.4655       0.5763
    -15.4526       0.5845
    -15.4397       0.5926
    -15.4267       0.6008
    -15.4138        0.609
    -15.4009       0.6171
     -15.388       0.6234
     -15.375       0.6195
    -15.3621       0.6157
    -15.3492       0.6118
    -15.3363       0.6079
    -15.3234        0.604
    -15.3104       0.6001
    -15.2975       0.5962
    -15.2846       0.5923
    -15.2717       0.5885
    -15.2588         0.59
    -15.2458       0.5946
    -15.2329       0.5991
      -15.22       0.6037
    -15.2071       0.6083
    -15.1941       0.6128
    -15.1812       0.6174
    -15.1683        0.622
    -15.1554       0.6265
    -15.1425       0.6311
    -15.1295       0.6356
    -15.1166       0.6402
    -15.1037       0.6448
    -15.0908       0.6493
    -15.0779       0.6539
    -15.0649       0.6585
     -15.052        0.663
    -15.0391       0.6676
    -15.0262       0.6722
    -15.0133       0.6767
    -15.0003       0.6813
    -14.9874       0.6859
    -14.9745       0.6904
    -14.9616        0.695
    -14.9486       0.6996
    -14.9357       0.7041
    -14.9228       0.7078
    -14.9099       0.7135
     -14.897       0.7192
     -14.884       0.7249
    -14.8711       0.7306
    -14.8582       0.7363
    -14.8453        0.742
    -14.8324       0.7477
    -14.8194       0.7534
    -14.8065       0.7592
    -14.7936       0.7649
    -14.7807       0.7706
    -14.7677       0.7763
    -14.7548        0.782
    -14.7419       0.7877
     -14.729       0.7935
    -14.7161       0.7998
    -14.7031       0.8061
    -14.6902       0.8124
    -14.6773       0.8187
    -14.6644        0.825
    -14.6515       0.8313
    -14.6385       0.8376
    -14.6256       0.8439
    -14.6127       0.8501
    -14.5998       0.8564
    -14.5868       0.8627
    -14.5739       1.0419
     -14.561       1.4046
    -14.5481       1.7674
    -14.5352       2.1301
    -14.5222       2.4929
    -14.5093        1.877
    -14.4964       1.9197
    -14.4835       1.9625
    -14.4706       2.0052
    -14.4576       2.0557
    -14.4447        2.124
    -14.4318       2.1924
    -14.4189       2.2607
    -14.4059        2.329
     -14.393        2.395
    -14.3801       2.4162
    -14.3672       2.4234
    -14.3543       2.4306
    -14.3413       2.4377
    -14.3284       2.4543
    -14.3155       2.4993
    -14.3026       2.5444
    -14.2897       2.5895
    -14.2767       2.6345
    -14.2638       2.6796
    -14.2509       2.7246
     -14.238       2.7697
     -14.225       2.8171
    -14.2121       2.8791
    -14.1992       2.9411
    -14.1863       3.0031
    -14.1734       3.0651
    -14.1604       3.1243
    -14.1475       3.1921
    -14.1346       3.2598
    -14.1217       3.3276
    -14.1088       3.3954
    -14.0958       3.4631
    -14.0829       3.5309
      -14.07       3.6031
    -14.0571       3.6755
    -14.0442        3.748
    -14.0312       4.3026
    -14.0183      14.8726
    -14.0054       4.4117
    -13.9925       4.3207
    -13.9795       4.2296
    -13.9666       4.1385
    -13.9537       4.0475
    -13.9408       4.0297
    -13.9279       4.0586
    -13.9149       4.0641
     -13.902       4.0615
    -13.8891       4.0589
    -13.8762       4.0563
    -13.8633       4.0537
    -13.8503       4.3147
    -13.8374       4.7131
    -13.8245       5.1114
    -13.8116       5.5098
    -13.7986       5.3749
    -13.7857       4.0274
    -13.7728       4.2278
    -13.7599       7.2409
     -13.747       4.0112
     -13.734       4.3021
    -13.7211       3.9409
    -13.7082       3.5796
    -13.6953       3.2184
    -13.6824       2.8571
    -13.6694       2.4959
    -13.6565        2.273
    -13.6436       2.5163
    -13.6307       2.7596
    -13.6177       1.5478
    -13.6048            0
    -13.5919            0
     -13.579            0
    -13.5661            0
    -13.5531            0
    -13.5402            0
    -13.5273            0
    -13.5144            0
    -13.5015            0
    -13.4885            0
    -13.4756            0
    -13.4627            0
    -13.4498            0
    -13.4368            0
    -13.4239            0
     -13.411            0
    -13.3981            0
    -13.3852            0
    -13.3722            0
    -13.3593            0
    -13.3464            0
    -13.3335            0
    -13.3206            0
    -13.3076            0
    -13.2947            0
    -13.2818            0
    -13.2689            0
     -13.256            0
     -13.243            0
    -13.2301            0
    -13.2172            0
    -13.2043            0
    -13.1913            0
    -13.1784            0
    -13.1655            0
    -13.1526            0
    -13.1397            0
    -13.1267            0
    -13.1138            0
    -13.1009            0
     -13.088            0
    -13.0751            0
    -13.0621            0
    -13.0492            0
    -13.0363            0
    -13.0234            0
    -13.0104            0
    -12.9975            0
    -12.9846            0
    -12.9717            0
    -12.9588            0
    -12.9458            0
    -12.9329            0
      -12.92            0
    -12.9071            0
    -12.8942            0
    -12.8812            0
    -12.8683            0
    -12.8554            0
    -12.8425            0
    -12.8295            0
    -12.8166            0
    -12.8037            0
    -12.7908            0
    -12.7779            0
    -12.7649            0
     -12.752            0
    -12.7391            0
    -12.7262            0
    -12.7133            0
    -12.7003            0
    -12.6874            0
    -12.6745            0
    -12.6616            0
    -12.6486            0
    -12.6357            0
    -12.6228            0
    -12.6099            0
     -12.597            0
     -12.584            0
    -12.5711            0
    -12.5582            0
    -12.5453            0
    -12.5324            0
    -12.5194            0
    -12.5065            0
    -12.4936            0
    -12.4807            0
    -12.4677            0
    -12.4548            0
    -12.4419            0
     -12.429            0
    -12.4161            0
    -12.4031            0
    -12.3902            0
    -12.3773            0
    -12.3644            0
    -12.3515            0
    -12.3385            0
    -12.3256            0
    -12.3127            0
    -12.2998            0
    -12.2869            0
    -12.2739            0
     -12.261            0
    -12.2481            0
    -12.2352            0
    -12.2222            0
    -12.2093            0
    -12.1964            0
    -12.1835            0
    -12.1706            0
    -12.1576            0
    -12.1447            0
    -12.1318            0
    -12.1189            0
     -12.106            0
     -12.093            0
    -12.0801            0
    -12.0672            0
    -12.0543            0
    -12.0413            0
    -12.0284            0
    -12.0155            0
    -12.0026            0
    -11.9897            0
    -11.9767            0
    -11.9638            0
    -11.9509            0
     -11.938            0
    -11.9251            0
    -11.9121            0
    -11.8992            0
    -11.8863            0
    -11.8734            0
    -11.8604            0
    -11.8475            0
    -11.8346            0
    -11.8217            0
    -11.8088            0
    -11.7958            0
    -11.7829            0
      -11.77            0
    -11.7571            0
    -11.7442            0
    -11.7312            0
    -11.7183            0
    -11.7054            0
    -11.6925            0
    -11.6795            0
    -11.6666            0
    -11.6537            0
    -11.6408            0
    -11.6279            0
    -11.6149            0
     -11.602            0
    -11.5891            0
    -11.5762            0
    -11.5633            0
    -11.5503            0
    -11.5374            0
    -11.5245            0
    -11.5116            0
    -11.4987            0
    -11.4857            0
    -11.4728            0
    -11.4599            0
     -11.447            0
     -11.434            0
    -11.4211            0
    -11.4082            0
    -11.3953            0
    -11.3824            0
    -11.3694            0
    -11.3565            0
    -11.3436            0
    -11.3307            0
    -11.3178            0
    -11.3048            0
    -11.2919            0
     -11.279            0
    -11.2661            0
    -11.2531            0
    -11.2402            0
    -11.2273            0
    -11.2144            0
    -11.2015            0
    -11.1885            0
    -11.1756            0
    -11.1627            0
    -11.1498            0
    -11.1369            0
    -11.1239            0
     -11.111            0
    -11.0981            0
    -11.0852            0
    -11.0722            0
    -11.0593            0
    -11.0464            0
    -11.0335            0
    -11.0206            0
    -11.0076            0
    -10.9947            0
    -10.9818            0
    -10.9689            0
     -10.956            0
     -10.943            0
    -10.9301            0
    -10.9172            0
    -10.9043            0
    -10.8913            0
    -10.8784            0
    -10.8655            0
    -10.8526            0
    -10.8397            0
    -10.8267            0
    -10.8138            0
    -10.8009            0
     -10.788            0
    -10.7751            0
    -10.7621            0
    -10.7492            0
    -10.7363            0
    -10.7234            0
    -10.7104            0
    -10.6975            0
    -10.6846            0
    -10.6717            0
    -10.6588            0
    -10.6458            0
    -10.6329            0
      -10.62            0
    -10.6071            0
    -10.5942            0
    -10.5812            0
    -10.5683            0
    -10.5554            0
    -10.5425            0
    -10.5296            0
    -10.5166            0
    -10.5037            0
    -10.4908            0
    -10.4779            0
    -10.4649            0
     -10.452            0
    -10.4391            0
    -10.4262            0
    -10.4133            0
    -10.4003            0
    -10.3874            0
    -10.3745            0
    -10.3616            0
    -10.3487            0
    -10.3357            0
    -10.3228            0
    -10.3099            0
     -10.297            0
     -10.284            0
    -10.2711            0
    -10.2582            0
    -10.2453            0
    -10.2324            0
    -10.2194            0
    -10.2065            0
    -10.1936            0
    -10.1807            0
    -10.1678            0
    -10.1548            0
    -10.1419            0
     -10.129            0
    -10.1161            0
    -10.1031            0
    -10.0902            0
    -10.0773            0
    -10.0644            0
    -10.0515            0
    -10.0385            0
    -10.0256            0
    -10.0127            0
    -9.99977            0
    -9.98687            0
    -9.97387            0
    -9.96097            0
    -9.94807            0
    -9.93517            0
    -9.92217            0
    -9.90927            0
    -9.89637            0
    -9.88347            0
    -9.87057            0
    -9.85757            0
    -9.84467            0
    -9.83177            0
    -9.81887            0
    -9.80597            0
    -9.79297            0
    -9.78007            0
    -9.76717            0
    -9.75427            0
    -9.74137            0
    -9.72837            0
    -9.71547            0
    -9.70257            0
    -9.68967            0
    -9.67667            0
    -9.66377            0
    -9.65087            0
    -9.63797            0
    -9.62507            0
    -9.61207            0
    -9.59917            0
    -9.58627            0
    -9.57337            0
    -9.56047            0
    -9.54747            0
    -9.53457            0
    -9.52167            0
    -9.50877            0
    -9.49577            0
    -9.48287            0
    -9.46997            0
    -9.45707            0
    -9.44417            0
    -9.43117            0
    -9.41827            0
    -9.40537            0
    -9.39247            0
    -9.37957            0
    -9.36657            0
    -9.35367            0
    -9.34077            0
    -9.32787            0
    -9.31487            0
    -9.30197            0
    -9.28907            0
    -9.27617            0
    -9.26327            0
    -9.25027            0
    -9.23737            0
    -9.22447            0
    -9.21157            0
    -9.19867            0
    -9.18567            0
    -9.17277            0
    -9.15987            0
    -9.14697            0
    -9.13397            0
    -9.12107            0
    -9.10817            0
    -9.09527            0
    -9.08237            0
    -9.06937            0
    -9.05647            0
    -9.04357            0
    -9.03067            0
    -9.01777            0
    -9.00477            0
    -8.99187            0
    -8.97897            0
    -8.96607            0
    -8.95307            0
    -8.94017            0
    -8.92727            0
    -8.91437            0
    -8.90147            0
    -8.88847            0
    -8.87557            0
    -8.86267            0
    -8.84977            0
    -8.83687            0
    -8.82387            0
    -8.81097            0
    -8.79807            0
    -8.78517            0
    -8.77227            0
    -8.75927            0
    -8.74637            0
    -8.73347            0
    -8.72057            0
    -8.70757            0
    -8.69467            0
    -8.68177            0
    -8.66887            0
    -8.65597            0
    -8.64297            0
    -8.63007            0
    -8.61717            0
    -8.60427            0
    -8.59137            0
    -8.57837            0
    -8.56547            0
    -8.55257            0
    -8.53967            0
    -8.52667            0
    -8.51377            0
    -8.50087            0
    -8.48797            0
    -8.47507            0
    -8.46207            0
    -8.44917            0
    -8.43627            0
    -8.42337            0
    -8.41047            0
    -8.39747            0
    -8.38457            0
    -8.37167            0
    -8.35877            0
    -8.34577            0
    -8.33287            0
    -8.31997            0
    -8.30707            0
    -8.29417            0
    -8.28117            0
    -8.26827            0
    -8.25537            0
    -8.24247            0
    -8.22957            0
    -8.21657            0
    -8.20367            0
    -8.19077            0
    -8.17787            0
    -8.16487            0
    -8.15197            0
    -8.13907            0
    -8.12617            0
    -8.11327            0
    -8.10027            0
    -8.08737            0
    -8.07447            0
    -8.06157            0
    -8.04867            0
    -8.03567            0
    -8.02277            0
    -8.00987            0
    -7.99697            0
    -7.98407            0
    -7.97107            0
    -7.95817            0
    -7.94527            0
    -7.93237            0
    -7.91937            0
    -7.90647            0
    -7.89357            0
    -7.88067            0
    -7.86777            0
    -7.85477            0
    -7.84187            0
    -7.82897            0
    -7.81607            0
    -7.80317            0
    -7.79017            0
    -7.77727            0
    -7.76437            0
    -7.75147            0
    -7.73847            0
    -7.72557            0
    -7.71267            0
    -7.69977            0
    -7.68687            0
    -7.67387            0
    -7.66097            0
    -7.64807            0
    -7.63517            0
    -7.62227            0
    -7.60927            0
    -7.59637            0
    -7.58347            0
    -7.57057            0
    -7.55757            0
    -7.54467            0
    -7.53177            0
    -7.51887            0
    -7.50597            0
    -7.49297            0
    -7.48007            0
    -7.46717        0.011
    -7.45427       0.1261
    -7.44137       0.2412
    -7.42837       0.3563
    -7.41547       0.4715
    -7.40257       0.5866
    -7.38967       0.7017
    -7.37667       0.8168
    -7.36377       0.9319
    -7.35087        1.047
    -7.33797       1.1621
    -7.32507       1.2772
    -7.31207       1.3923
    -7.29917       1.5644
    -7.28627       1.7393
    -7.27337       1.5705
    -7.26047       1.5157
    -7.24747       1.4609
    -7.23457       1.5405
    -7.22167       1.6276
    -7.20877       1.7147
    -7.19577       1.8018
    -7.18287       1.8889
    -7.16997        1.976
    -7.15707       2.0632
    -7.14417       1.8256
    -7.13117       1.8638
    -7.11827        1.902
    -7.10537       1.9402
    -7.09247       1.9784
    -7.07957       2.0166
    -7.06657       2.0548
    -7.05367       2.0929
    -7.04077       2.1311
    -7.02787       2.1693
    -7.01497       5.0784
    -7.00197       3.7678
    -6.98907       4.0051
    -6.97617       4.2423
    -6.96327       4.4796
    -6.95027       4.7205
    -6.93737        5.166
    -6.92447       5.6115
    -6.91157       4.7173
    -6.89867        3.553
    -6.88567       3.4577
    -6.87277       3.4243
    -6.85987       3.5044
    -6.84697       3.5845
    -6.83407       3.6646
    -6.82107       3.7446
    -6.80817       3.8247
    -6.79527       5.0254
    -6.78237       5.2575
    -6.76937       4.9248
    -6.75647       4.5921
    -6.74357       4.4124
    -6.73067       4.2624
    -6.71777       4.1124
    -6.70477       3.9624
    -6.69187       3.8125
    -6.67897       3.6625
    -6.66607       3.5125
    -6.65317       1.6627
    -6.64017       1.7597
    -6.62727       1.8567
    -6.61437       1.9536
    -6.60147       3.6393
    -6.58847       3.1956
    -6.57557       2.7519
    -6.56267       2.3082
    -6.54977       1.8645
    -6.53687        3.508
    -6.52387       3.9523
    -6.51097       1.7653
    -6.49807       1.5179
    -6.48517       1.4872
    -6.47227       1.4566
    -6.45927       1.4259
    -6.44637       1.3953
    -6.43347       1.3646
    -6.42057        1.334
    -6.40757       1.3033
    -6.39467       1.2726
    -6.38177        1.242
    -6.36887       1.2113
    -6.35597       1.1807
    -6.34297         1.15
    -6.33007       1.1193
    -6.31717       1.0887
    -6.30427        1.058
    -6.29137       1.0274
    -6.27837       0.9967
    -6.26547       0.9699
    -6.25257       0.9579
    -6.23967        0.946
    -6.22677        0.934
    -6.21377       0.9221
    -6.20087       0.9101
    -6.18797       0.8982
    -6.17507       0.8862
    -6.16207       0.8742
    -6.14917       0.8623
    -6.13627       0.8503
    -6.12337       0.8384
    -6.11047       0.8264
    -6.09747       0.8145
    -6.08457       0.8025
    -6.07167       0.7905
    -6.05877       0.7786
    -6.04587       0.7772
    -6.03287       0.7897
    -6.01997       0.8022
    -6.00707       0.8146
    -5.99417       0.8271
    -5.98117       0.8396
    -5.96827        0.852
    -5.95537       0.8645
    -5.94247       0.8769
    -5.92957       0.8894
    -5.91657       0.9019
    -5.90367       0.9041
    -5.89077       0.9017
    -5.87787       0.8993
    -5.86497        0.897
    -5.85197       0.8946
    -5.83907       0.8923
    -5.82617       0.8899
    -5.81327       0.8875
    -5.80027       0.9814
    -5.78737       1.6252
    -5.77447       2.2691
    -5.76157        2.913
    -5.74867       3.5568
    -5.73567       4.2007
    -5.72277       4.8445
    -5.70987       4.4362
    -5.69697       4.3652
    -5.68407        4.401
    -5.67107       4.4368
    -5.65817       4.4726
    -5.64527       4.8254
    -5.63237       5.2611
    -5.61937       5.2868
    -5.60647       5.0659
    -5.59357        4.845
    -5.58067       4.7307
    -5.56777        5.121
    -5.55477       5.5113
    -5.54187        6.299
    -5.52897       4.8846
    -5.51607       5.0181
    -5.50317       5.1516
    -5.49017       5.2851
    -5.47727       5.4185
    -5.46437        5.552
    -5.45147       6.7928
    -5.43847       2.1098
    -5.42557       2.0703
    -5.41267       2.0308
    -5.39977       1.9913
    -5.38687       1.9519
    -5.37387       1.9124
    -5.36097       1.8729
    -5.34807       1.8334
    -5.33517       1.7939
    -5.32227       1.7544
    -5.30927        1.715
    -5.29637       1.6685
    -5.28347       1.6217
    -5.27057        1.575
    -5.25767       1.0969
    -5.24467       1.0721
    -5.23177       1.0473
    -5.21887       2.8872
    -5.20597       1.3542
    -5.19297       1.3691
    -5.18007       1.3839
    -5.16717       1.3988
    -5.15427       1.4136
    -5.14137       1.4285
    -5.12837       1.4471
    -5.11547       1.4813
    -5.10257       1.5154
    -5.08967       1.5496
    -5.07677       1.5838
    -5.06377        1.618
    -5.05087       1.6521
    -5.03797       1.6863
    -5.02507       2.1376
    -5.01207       2.6374
    -4.99917       3.1372
    -4.98627       3.6371
    -4.97337       4.1369
    -4.96047       4.6367
    -4.94747        3.453
    -4.93457       4.5173
    -4.92167       5.5815
    -4.90877       6.6457
    -4.89587       9.8532
    -4.88287       8.3985
    -4.86997       7.2511
    -4.85707       6.1041
    -4.84417       5.0551
    -4.83117       4.0061
    -4.81827       3.3254
    -4.80537       2.8999
    -4.79247       2.4744
    -4.77957        2.049
    -4.76657        2.022
    -4.75367       2.0018
    -4.74077       1.9816
    -4.72787       1.9614
    -4.71497       3.9709
    -4.70197       2.4344
    -4.68907       2.4457
    -4.67617       2.4569
    -4.66327       2.5861
    -4.65027       2.5846
    -4.63737       2.5831
    -4.62447       2.5815
    -4.61157       2.4697
    -4.59867       2.4458
    -4.58567       2.4231
    -4.57277       2.4012
    -4.55987       2.3794
    -4.54697       2.3576
    -4.53407       2.3357
    -4.52107       2.3139
    -4.50817        2.292
    -4.49527       2.2702
    -4.48237       2.2483
    -4.46947       2.2265
    -4.45647       2.1176
    -4.44357       1.9785
    -4.43067       1.8589
    -4.41777       1.7393
    -4.40477       1.5319
    -4.39187         1.51
    -4.37897        1.488
    -4.36607       1.4661
    -4.35317       1.4853
    -4.34017       1.5466
    -4.32727        1.608
    -4.31437       1.6693
    -4.30147       1.7306
    -4.28857       1.7919
    -4.27557       1.8532
    -4.26267       1.9146
    -4.24977       1.9759
    -4.23687       2.0372
    -4.22387       2.0985
    -4.21097       2.1598
    -4.19807       1.0705
    -4.18517       1.0661
    -4.17227       1.0616
    -4.15927       1.0572
    -4.14637       1.0527
    -4.13347       1.0483
    -4.12057       1.0438
    -4.10767       1.0394
    -4.09467       2.5775
    -4.08177       2.6247
    -4.06887        2.672
    -4.05597       2.7193
    -4.04297       2.7665
    -4.03007       2.8138
    -4.01717       2.8611
    -4.00427       2.4939
    -3.99137       1.9375
    -3.97837       1.3855
    -3.96547       0.8533
    -3.95257       0.8119
    -3.93967       0.9188
    -3.92677       1.0709
    -3.91377        1.223
    -3.90087       1.3751
    -3.88797       1.5272
    -3.87507       1.6793
    -3.86207       1.8314
    -3.84917       1.9836
    -3.83627       2.1357
    -3.82337       2.2878
    -3.81047       2.4399
    -3.79747       2.5788
    -3.78457       2.5809
    -3.77167       5.2117
    -3.75877       3.6226
    -3.74587       3.5814
    -3.73287       3.5402
    -3.71997        3.499
    -3.70707       3.4578
    -3.69417       3.4165
    -3.68127       3.3753
    -3.66827       3.3704
    -3.65537       3.4186
    -3.64247       3.4669
    -3.62957       3.5151
    -3.61657        2.835
    -3.60367        3.216
    -3.59077       4.3498
    -3.57787       5.4835
    -3.56497       6.6173
    -3.55197       7.7511
    -3.53907       8.1534
    -3.52617      10.9144
    -3.51327       3.5312
    -3.50037        3.455
    -3.48737       3.3789
    -3.47447       3.5851
    -3.46157       3.4958
    -3.44867       3.4064
    -3.43567        3.317
    -3.42277       3.2277
    -3.40987       3.4997
    -3.39697       3.1767
    -3.38407       3.0026
    -3.37107       2.8286
    -3.35817       2.6546
    -3.34527       2.4805
    -3.33237       2.3065
    -3.31947       2.1325
    -3.30647       1.9584
    -3.29357       1.7844
    -3.28067       1.6104
    -3.26777       1.5239
    -3.25477       1.4548
    -3.24187       2.6289
    -3.22897       2.6028
    -3.21607       2.5767
    -3.20317       2.5506
    -3.19017       2.5246
    -3.17727       2.4985
    -3.16437       2.4724
    -3.15147       2.4463
    -3.13857       2.4203
    -3.12557       2.3942
    -3.11267       2.3681
    -3.09977        2.342
    -3.08687        2.316
    -3.07387       2.2899
    -3.06097       2.2638
    -3.04807       2.2378
    -3.03517       2.2117
    -3.02227       2.1856
    -3.00927       2.1595
    -2.99637       2.1335
    -2.98347       2.1206
    -2.97057       2.1196
    -2.95767       2.1187
    -2.94467       2.1177
    -2.93177       2.1168
    -2.91887       2.1158
    -2.90597       2.1149
    -2.89297       2.1139
    -2.88007       2.6286
    -2.86717       3.2152
    -2.85427        3.929
    -2.84137        3.901
    -2.82837       3.5833
    -2.81547       3.2545
    -2.80257       2.9257
    -2.78967       2.5969
    -2.77677       2.2681
    -2.76377       1.9393
    -2.75087       1.6105
    -2.73797       1.2817
    -2.72507       0.9529
    -2.71217       0.6473
    -2.69917       0.3526
    -2.68627       0.0579
    -2.67337       0.0606
    -2.66047        0.566
    -2.64747       1.0715
    -2.63457        1.577
    -2.62167       2.0824
    -2.60877       2.5879
    -2.59587       2.6598
    -2.58287       2.6695
    -2.56997       2.6792
    -2.55707       2.6888
    -2.54417       2.6985
    -2.53127      10.1366
    -2.51827        8.464
    -2.50537       6.7914
    -2.49247       2.6756
    -2.47957        2.698
    -2.46657       2.7203
    -2.45367       2.7427
    -2.44077       2.7651
    -2.42787       2.7875
    -2.41497       2.8099
    -2.40197       2.8323
    -2.38907       2.8461
    -2.37617       2.8426
    -2.36327       2.8391
    -2.35037       2.8356
    -2.33737       2.8321
    -2.32447       2.8286
    -2.31157       2.8251
    -2.29867       2.8216
    -2.28567       2.8181
    -2.27277       2.8146
    -2.25987       2.7198
    -2.24697       2.4815
    -2.23407       2.4163
    -2.22107       2.3512
    -2.20817       2.2907
    -2.19527       2.2323
    -2.18237       2.1738
    -2.16947       2.1154
    -2.15647       2.0569
    -2.14357       1.9985
    -2.13067         1.94
    -2.11777       1.8816
    -2.10477       1.8231
    -2.09187       1.7647
    -2.07897       1.7054
    -2.06607       1.6395
    -2.05317       1.5736
    -2.04017       1.5077
    -2.02727       1.4419
    -2.01437        1.376
    -2.00147        1.389
    -1.98857       1.4057
    -1.97557       1.4223
    -1.96267        1.439
    -1.94977       1.4557
    -1.93687       1.4724
    -1.92397       1.4891
    -1.91097       1.5057
    -1.89807       1.5224
    -1.88517       2.0944
    -1.87227       0.5391
    -1.85927       0.5316
    -1.84637       1.3553
    -1.83347       1.1197
    -1.82057        0.884
    -1.80767       0.6483
    -1.79467       0.4126
    -1.78177       0.1769
    -1.76887            0
    -1.75597            0
    -1.74307            0
    -1.73007            0
    -1.71717            0
    -1.70427            0
    -1.69137            0
    -1.67837            0
    -1.66547            0
    -1.65257            0
    -1.63967            0
    -1.62677            0
    -1.61377            0
    -1.60087            0
    -1.58797            0
    -1.57507            0
    -1.56217            0
    -1.54917            0
    -1.53627            0
    -1.52337            0
    -1.51047            0
    -1.49747            0
    -1.48457            0
    -1.47167            0
    -1.45877            0
    -1.44587            0
    -1.43287            0
    -1.41997            0
    -1.40707            0
    -1.39417            0
    -1.38127            0
    -1.36827            0
    -1.35537            0
    -1.34247            0
    -1.32957            0
    -1.31657            0
    -1.30367            0
    -1.29077            0
    -1.27787            0
    -1.26497            0
    -1.25197            0
    -1.23907            0
    -1.22617            0
    -1.21327            0
    -1.20037            0
    -1.18737            0
    -1.17447            0
    -1.16157            0
    -1.14867            0
    -1.13567            0
    -1.12277            0
    -1.10987            0
    -1.09697            0
    -1.08407            0
    -1.07107            0
    -1.05817            0
    -1.04527            0
    -1.03237            0
    -1.01947            0
    -1.00647            0
   -0.993575            0
   -0.980675            0
   -0.967775            0
   -0.954875            0
   -0.941875            0
   -0.928975            0
   -0.916075            0
   -0.903175            0
   -0.890175            0
   -0.877275            0
   -0.864375            0
   -0.851475            0
   -0.838575            0
   -0.825575            0
   -0.812675            0
   -0.799775            0
   -0.786875            0
   -0.773975            0
   -0.760975            0
   -0.748075            0
   -0.735175            0
   -0.722275            0
   -0.709275            0
   -0.696375            0
   -0.683475            0
   -0.670575            0
   -0.657675            0
   -0.644675            0
   -0.631775            0
   -0.618875            0
   -0.605975            0
   -0.593075            0
   -0.580075            0
   -0.567175            0
   -0.554275            0
   -0.541375            0
   -0.528375            0
   -0.515475            0
   -0.502575            0
   -0.489675            0
   -0.476775            0
   -0.463775            0
   -0.450875            0
   -0.437975            0
   -0.425075            0
   -0.412175            0
   -0.399175            0
   -0.386275            0
   -0.373375            0
   -0.360475            0
   -0.347475            0
   -0.334575            0
   -0.321675            0
   -0.308775            0
   -0.295875            0
   -0.282875            0
   -0.269975            0
   -0.257075            0
   -0.244175            0
   -0.231275            0
   -0.218275            0
   -0.205375            0
   -0.192475            0
   -0.179575            0
   -0.166675            0
   -0.153675            0
   -0.140775            0
   -0.127875            0
   -0.114975            0
   -0.101975            0
  -0.0890745            0
  -0.0761745            0
  -0.0632745            0
  -0.0503745            0
  -0.0373745            0
  -0.0244745            0
  -0.0115745            0
  0.00132546       2.1249
   0.0142255       0.5908
   0.0272255       0.6046
   0.0401255       0.6183
   0.0530255       0.6321
   0.0659255       0.6458
   0.0789255       0.6596
   0.0918255       0.6733
    0.104725       0.6871
    0.117625       0.7008
    0.130525       0.7146
    0.143525       0.7283
    0.156425       0.7421
    0.169325       0.7558
    0.182225       0.7696
    0.195125       0.7833
    0.208125        0.797
    0.221025       0.8737
    0.233925       0.9523
    0.246825       9.0274
    0.259825       4.6636
    0.272725       4.9433
    0.285625        5.223
    0.298525       5.5028
    0.311425       5.7825
    0.324425       6.0622
    0.337325       7.2268
    0.350225       8.5095
    0.363125       9.7922
    0.376025      11.0749
    0.389025      11.2278
    0.401925      12.5631
    0.414825      10.9318
    0.427725       3.0832
    0.440725       2.0555
    0.453625       0.9589
    0.466525       0.8568
    0.479425        0.949
    0.492325       1.0881
    0.505325       1.2748
    0.518225       1.4615
    0.531125       1.6483
    0.544025        1.835
    0.556925       2.0217
    0.569925       2.2084
    0.582825       2.3951
    0.595725       2.5818
    0.608625       2.7685
    0.621625       2.9552
    0.634525       3.1419
    0.647425       7.4245
    0.660325       7.7712
    0.673225       8.1178
    0.686225       7.9224
    0.699125       6.3014
    0.712025       4.6131
    0.724925       3.9371
    0.737825       3.8987
    0.750825       3.8542
    0.763725       3.8096
    0.776625        3.765
    0.789525       3.7204
    0.802425       3.6759
    0.815425       4.1549
    0.828325       5.1021
    0.841225       5.6955
    0.854125       6.2889
    0.867125       7.0249
    0.880025       7.6253
    0.892925       7.1217
    0.905825       6.4865
    0.918725      16.4136
    0.931725       4.2644
    0.944625       3.9825
    0.957525       3.7006
    0.970425       3.4187
    0.983325       3.0952
    0.996325       2.8855
     1.00923       2.7886
     1.02213       2.7072
     1.03503       2.6258
     1.04803       2.5444
     1.06093        2.463
     1.07383       2.6509
     1.08673       2.5517
     1.09963       2.4938
     1.11263       2.4417
     1.12553       2.3895
     1.13843       2.3374
     1.15133       2.2853
     1.16423       2.2331
     1.17723        2.181
     1.19013       2.1288
     1.20303       2.0767
     1.21593       2.0246
     1.22893       5.3807
     1.24183       2.3015
     1.25473        2.317
     1.26763       2.3324
     1.28053       2.3479
     1.29353       2.3633
     1.30643       7.2391
     1.31933       4.0758
     1.33223       2.4603
     1.34513       1.7487
     1.35813       1.7819
     1.37103       1.8152
     1.38393       1.8484
     1.39683       1.8816
     1.40983        2.273
     1.42273       2.3438
     1.43563       2.4157
     1.44853       2.4875
     1.46143       2.5593
     1.47443       2.6555
     1.48733        2.768
     1.50023       2.8805
     1.51313       2.9931
     1.52603       3.1056
     1.53903       3.2285
     1.55193       4.4947
     1.56483       5.7609
     1.57773       3.1867
     1.59063       1.6305
     1.60363       1.6221
     1.61653       1.6137
     1.62943       1.6053
     1.64233       1.5969
     1.65533       1.5885
     1.66823       1.5801
     1.68113       1.5689
     1.69403       1.5569
     1.70693       1.5449
     1.71993       1.5329
     1.73283       1.5209
     1.74573       1.5141
     1.75863        1.508
     1.77153       1.5019
     1.78453       1.4958
     1.79743       1.4897
     1.81033       1.4836
     1.82323       1.4775
     1.83623       1.4713
     1.84913       1.4652
     1.86203       1.4591
     1.87493        1.453
     1.88783       1.4469
     1.90083       1.4408
     1.91373       1.4347
     1.92663       1.4285
     1.93953       1.4224
     1.95243       1.7712
     1.96543       2.1479
     1.97833       2.4892
     1.99123       2.3438
     2.00413       2.1983
     2.01713       2.0528
     2.03003       1.9073
     2.04293       1.7619
     2.05583       1.6164
     2.06873       1.4709
     2.08173       1.3255
     2.09463         1.18
     2.10753       1.0345
     2.12043        0.889
     2.13333       0.7564
     2.14633       0.7649
     2.15923       0.7733
     2.17213       0.8906
     2.18503        1.187
     2.19803       1.2109
     2.21093       1.2347
     2.22383       1.2585
     2.23673       1.2824
     2.24963       1.3062
     2.26263       1.3301
     2.27553       1.3539
     2.28843       1.3777
     2.30133       1.4016
     2.31423       1.4254
     2.32723       1.4492
     2.34013       1.4731
     2.35303       1.4969
     2.36593       1.5207
     2.37893       1.5446
     2.39183       1.5684
     2.40473       1.5923
     2.41763      10.5301
     2.43053       8.3973
     2.44353       6.2644
     2.45643       4.1316
     2.46933       2.7816
     2.48223       1.9025
     2.49513       1.9047
     2.50813       1.9068
     2.52103       1.9089
     2.53393       1.9111
     2.54683       1.9132
     2.55973       1.9154
     2.57273       1.9158
     2.58563       1.8832
     2.59853       1.8507
     2.61143       1.8182
     2.62443       1.7857
     2.63733       1.7532
     2.65023       1.7207
     2.66313       1.6882
     2.67603       1.6557
     2.68903       1.6232
     2.70193       1.5907
     2.71483       1.5582
     2.72773       1.2399
     2.74063       1.3155
     2.75363       1.3356
     2.76653       1.2888
     2.77943        1.242
     2.79233       1.1952
     2.80533       1.1483
     2.81823       1.1015
     2.83113       1.0547
     2.84403       1.0079
     2.85693       0.9611
     2.86993       0.9143
     2.88283       0.8675
     2.89573       0.8206
     2.90863       0.7738
     2.92153        0.727
     2.93453       0.6802
     2.94743       0.6334
     2.96033       0.5866
     2.97323       0.5398
     2.98623       1.5478
     2.99913            0
     3.01203            0
     3.02493            0
     3.03783            0
     3.05083            0
     3.06373            0
     3.07663            0
     3.08953            0
     3.10243            0
     3.11543            0
     3.12833            0
     3.14123            0
     3.15413            0
     3.16713            0
     3.18003            0
     3.19293            0
     3.20583            0
     3.21873            0
     3.23173            0
     3.24463            0
     3.25753            0
     3.27043            0
     3.28333            0
     3.29633            0
     3.30923            0
     3.32213            0
     3.33503            0
     3.34793            0
     3.36093            0
     3.37383            0
     3.38673            0
     3.39963            0
     3.41263            0
     3.42553            0
     3.43843            0
     3.45133            0
     3.46423            0
     3.47723            0
     3.49013            0
     3.50303            0
     3.51593            0
     3.52883            0
     3.54183            0
     3.55473            0
     3.56763            0
     3.58053            0
     3.59353            0
     3.60643            0
     3.61933            0
     3.63223            0
     3.64513       0.0182
     3.65813       0.0436
     3.67103        0.069
     3.68393       0.0944
     3.69683       0.1199
     3.70973       0.1453
     3.72273       0.1707
     3.73563       0.1961
     3.74853       0.2215
     3.76143       0.2469
     3.77443       0.2723
     3.78733       0.2977
     3.80023       0.3231
     3.81313       0.3485
     3.82603       0.3739
     3.83903       0.3993
     3.85193       0.4247
     3.86483       0.4501
     3.87773       0.4755
     3.89063       0.3135
     3.90363       0.3588
     3.91653        0.404
     3.92943       0.4492
     3.94233       0.4945
     3.95533       0.5397
     3.96823       0.5849
     3.98113       0.6301
     3.99403       0.6754
     4.00693       0.7206
     4.01993       0.7658
     4.03283       0.8111
     4.04573       0.8563
     4.05863       0.9015
     4.07153       0.9467
     4.08453       0.6818
     4.09743       0.6896
     4.11033       0.6974
     4.12323       0.7053
     4.13623       0.7131
     4.14913       0.7209
     4.16203       0.7287
     4.17493       0.7366
     4.18783       0.7444
     4.20083       0.7522
     4.21373         0.76
     4.22663       0.7679
     4.23953       0.7757
     4.25243       0.7835
     4.26543       0.7913
     4.27833       0.7992
     4.29123       0.8024
     4.30413       0.8034
     4.31703       0.8044
     4.33003       0.8054
     4.34293       0.8063
     4.35583       0.8199
     4.36873       0.8423
     4.38173       0.8648
     4.39463       0.8872
     4.40753       0.9097
     4.42043       0.9577
     4.43333       1.0057
     4.44633       1.0536
     4.45923       1.1041
     4.47213       1.1499
     4.48503       1.1956
     4.49793       1.2413
     4.51093       1.2871
     4.52383       1.3328
     4.53673       1.3786
     4.54963       1.4243
     4.56263       1.4701
     4.57553       1.5158
     4.58843       1.5616
     4.60133       1.6073
     4.61423        1.653
     4.62723       1.5307
     4.64013       1.5599
     4.65303       1.5934
     4.66593       1.6269
     4.67883       1.6604
     4.69183       1.6939
     4.70473       1.7274
     4.71763       1.7609
     4.73053       1.7944
     4.74353       1.8279
     4.75643       1.8614
     4.76933       2.1535
     4.78223       2.1398
     4.79513        2.126
     4.80813       2.1122
     4.82103       2.0985
     4.83393       2.0847
     4.84683       2.0709
     4.85973       2.0572
     4.87273       2.0434
     4.88563       2.0296
     4.89853       2.0159
     4.91143       2.0021
     4.92443       1.9883
     4.93733       1.9745
     4.95023       1.9679
     4.96313       1.9881
     4.97603       2.0083
     4.98903        2.012
     5.00193       2.0349
     5.01483       2.0578
     5.02773       2.0807
     5.04063       2.0968
     5.05363       2.1127
     5.06653       2.1286
     5.07943       2.1445
     5.09233       2.1818
     5.10523        2.234
     5.11823       2.2862
     5.13113       2.3384
     5.14403       2.3906
     5.15693       2.4427
     5.16993       2.4719
     5.18283       2.5232
     5.19573       2.5745
     5.20863       2.6277
     5.22153        2.684
     5.23453       2.6802
     5.24743       2.6747
     5.26033       2.6692
     5.27323       2.6636
     5.28613       2.6581
     5.29913       2.6526
     5.31203       2.6471
     5.32493       2.6415
     5.33783        2.636
     5.35083       2.6305
     5.36373        2.625
     5.37663       2.6195
     5.38953       2.6139
     5.40243       2.6084
     5.41543       2.6029
     5.42833       3.9352
     5.44123       2.4305
     5.45413       2.4736
     5.46703       2.5167
     5.48003       2.5627
     5.49293       2.6091
     5.50583       2.6555
     5.51873       2.7019
     5.53173       2.7483
     5.54463       2.2843
     5.55753       2.3094
     5.57043       2.3345
     5.58333       2.3596
     5.59633       2.3847
     5.60923       2.4098
     5.62213        2.435
     5.63503       2.4601
     5.64793       2.4852
     5.66093       2.5103
     5.67383       2.5311
     5.68673       2.3045
     5.69963       2.0779
     5.71263       1.8513
     5.72553       1.6248
     5.73843       1.3982
     5.75133       1.1716
     5.76423       0.9953
     5.77723       0.9905
     5.79013       1.0116
     5.80303       1.0327
     5.81593       1.0538
     5.82883       1.0749
     5.84183       1.0961
     5.85473       1.1172
     5.86763       1.1383
     5.88053       1.1594
     5.89353       1.1805
     5.90643       1.2016
     5.91933       1.2227
     5.93223       1.2438
     5.94513       1.2649
     5.95813        1.286
     5.97103       1.3071
     5.98393       1.3282
     5.99683       1.3523
     6.00973       1.3785
     6.02273       1.4047
     6.03563       1.4309
     6.04853        1.457
     6.06143       1.4832
     6.07433       1.5922
     6.08733       2.0102
     6.10023       2.4282
     6.11313       2.8817
     6.12603       2.9668
     6.13903        2.805
     6.15193       2.6433
     6.16483       2.4815
     6.17773       4.0061
     6.19063       2.3038
     6.20363       2.1358
     6.21653       1.9716
     6.22943        1.983
     6.24233       1.9944
     6.25523       2.0059
     6.26823       2.0173
     6.28113       2.0287
     6.29403       2.0401
     6.30693       2.0515
     6.31993        2.063
     6.33283       2.0744
     6.34573       2.0858
     6.35863       2.0972
     6.37153       2.1086
     6.38453         2.12
     6.39743       2.1315
     6.41033       2.1429
     6.42323       2.1543
     6.43613       2.1657
     6.44913       2.1771
     6.46203       2.1885
     6.47493          2.2
     6.48783       2.2114
     6.50083       2.2204
     6.51373       2.2224
     6.52663       2.2245
     6.53953       2.2265
     6.55243       2.2286
     6.56543       2.2306
     6.57833       2.2327
     6.59123       2.2347
     6.60413       2.2368
     6.61703       2.2388
     6.63003       2.2409
     6.64293       2.2453
     6.65583       2.2508
     6.66873       2.2562
     6.68173       2.2616
     6.69463        2.267
     6.70753       2.2725
     6.72043       2.2779
     6.73333       2.2833
     6.74633       2.4342
     6.75923       2.5188
     6.77213       2.6034
     6.78503       2.4077
     6.79793       2.4852
     6.81093       2.1464
     6.82383       2.0826
     6.83673       2.0187
     6.84963       1.9549
     6.86253        1.891
     6.87553       1.8272
     6.88843       1.7633
     6.90133       1.6995
     6.91423       1.6356
     6.92723       1.5718
     6.94013        1.251
     6.95303       1.1834
     6.96593       1.1158
     6.97883       1.0482
     6.99183       0.9807
     7.00473       0.9131
     7.01763       0.8455
     7.03053       0.7779
     7.04343       0.7103
     7.05643       0.6427
     7.06933       0.5751
     7.08223       0.5291
     7.09513       0.5238
     7.10813       0.5186
     7.12103       0.5133
     7.13393       0.5081
     7.14683       0.5028
     7.15973       0.4976
     7.17273       0.4923
     7.18563       0.4871
     7.19853       0.4818
     7.21143       0.4766
     7.22433       0.4713
     7.23733       0.4661
     7.25023       0.4608
     7.26313       0.4556
     7.27603       0.4503
     7.28903       0.4451
     7.30193       0.4398
     7.31483       0.4346
     7.32773       0.4293
     7.34063       0.4241
     7.35363       0.4188
     7.36653       0.4135
     7.37943       0.4083
     7.39233        0.403
     7.40523       0.3978
     7.41823       0.3925
     7.43113       0.3873
     7.44403        0.382
     7.45693       0.3768
     7.46993       0.3715
     7.48283       0.3663
     7.49573        0.361
     7.50863       0.3558
     7.52153       0.3505
     7.53453       0.3453
     7.54743       0.3472
     7.56033       0.3811
     7.57323       0.4149
     7.58613       0.4488
     7.59913       0.4826
     7.61203       0.5165
     7.62493       0.5504
     7.63783       0.5842
     7.65073       0.6181
     7.66373       0.6519
     7.67663       0.6858
     7.68953       0.7197
     7.70243       0.7535
     7.71543       1.5478
     7.72833            0
     7.74123            0
     7.75413            0
     7.76703            0
     7.78003            0
     7.79293            0
     7.80583            0
     7.81873            0
     7.83163            0
     7.84463            0
     7.85753            0
     7.87043            0
     7.88333            0
     7.89633            0
     7.90923            0
     7.92213            0
     7.93503            0
     7.94793            0
     7.96093            0
     7.97383            0
     7.98673            0
     7.99963            0
     8.01253            0
     8.02553            0
     8.03843            0
     8.05133            0
     8.06423            0
     8.07723            0
     8.09013            0
     8.10303            0
     8.11593            0
     8.12883            0
     8.14183            0
     8.15473            0
     8.16763            0
     8.18053            0
     8.19343            0
     8.20643            0
     8.21933            0
     8.23223            0
     8.24513            0
     8.25813            0
     8.27103            0
     8.28393            0
     8.29683            0
     8.30973            0
     8.32273            0
     8.33563            0
     8.34853            0
     8.36143            0
     8.37433            0
     8.38733            0
     8.40023            0
     8.41313            0
     8.42603            0
     8.43903            0
     8.45193            0
     8.46483            0
     8.47773            0
     8.49063            0
     8.50363            0
     8.51653            0
     8.52943            0
     8.54233            0
     8.55523            0
     8.56823            0
     8.58113            0
     8.59403            0
     8.60693            0
     8.61983            0
     8.63283            0
     8.64573            0
     8.65863            0
     8.67153            0
     8.68453            0
     8.69743            0
     8.71033            0
     8.72323            0
     8.73613            0
     8.74913            0
     8.76203            0
     8.77493            0
     8.78783            0
     8.80073            0
     8.81373            0
     8.82663            0
     8.83953            0
     8.85243            0
     8.86543            0
     8.87833            0


