       	0 	-15.7815
  0.00463745 	-15.7792
  0.00927491 	-15.7723
   0.0139124 	-15.7608
   0.0185498 	-15.7447
   0.0231873 	-15.7242
   0.0278247 	-15.6992
   0.0324622   	-15.67
   0.0370996 	-15.6364
   0.0417371 	-15.5988
   0.0463745 	-15.5572
	0.051012 	-15.5118
   0.0556494 	-15.4627
   0.0602869 	-15.4102
   0.0649243 	-15.3544
   0.0695618 	-15.2956
   0.0741993 	-15.2341
   0.0788367   	-15.17
   0.0834742 	-15.1038
   0.0881116 	-15.0358
   0.0927491 	-14.9662
   0.0973865 	-14.8955
	0.102024  	-14.824
	0.106661 	-14.7523
	0.111299 	-14.6807
	0.115936 	-14.6098
	0.120574 	-14.5402
	0.125211 	-14.4722
	0.129849 	-14.4066
	0.134486 	-14.3439
	0.139124 	-14.2847
	0.143761 	-14.2296
	0.148398 	-14.1792
	0.153036 	-14.1341
	0.157673 	-14.0949
	0.162311 	-14.0621
	0.166948 	-14.0361
	0.171586 	-14.0172
	0.176223 	-14.0058
	0.180861  	-14.002
	0.180861  	-14.002
	0.183535 	-14.0023
 	0.18621 	-14.0019
	0.188885 	-14.0008
 	0.19156 	-13.9991
	0.194234 	-13.9968
	0.196909 	-13.9938
	0.199584 	-13.9901
	0.202259 	-13.9859
	0.204934 	-13.9811
	0.207608 	-13.9757
	0.210283 	-13.9697
	0.212958 	-13.9633
	0.215633 	-13.9563
	0.218307 	-13.9489
	0.220982 	-13.9411
	0.223657  	-13.933
	0.226332 	-13.9245
	0.229006 	-13.9157
	0.231681 	-13.9067
	0.234356 	-13.8975
	0.237031 	-13.8881
	0.239705 	-13.8787
 	0.24238 	-13.8693
	0.245055 	-13.8598
 	0.24773 	-13.8505
	0.250404 	-13.8414
	0.253079 	-13.8325
	0.255754 	-13.8238
	0.258429 	-13.8156
	0.261104 	-13.8078
	0.263778 	-13.8005
	0.266453 	-13.7937
	0.269128 	-13.7876
	0.271803 	-13.7823
	0.274477 	-13.7777
	0.277152 	-13.7741
	0.279827 	-13.7713
	0.282502 	-13.7696
	0.285176  	-13.769
	0.285176  	-13.769
	0.290526 	-13.7716
	0.295875 	-13.7794
	0.301225 	-13.7927
	0.306574  	-13.812
	0.311924 	-13.8376
	0.317273 	-13.8695
	0.322623 	-13.9078
	0.327972 	-13.9525
	0.333322 	-14.0033
	0.338672   	-14.06
	0.344021 	-14.1221
	0.349371 	-14.1891
 	0.35472 	-14.2606
 	0.36007 	-14.3358
	0.365419 	-14.4141
	0.370769 	-14.4948
	0.376118 	-14.5774
	0.381468  	-14.661
	0.386817 	-14.7451
	0.392167 	-14.8289
	0.397516  	-14.912
	0.402866 	-14.9937
	0.408215 	-15.0735
	0.413565 	-15.1509
	0.418914 	-15.2254
	0.424264 	-15.2966
	0.429613  	-15.364
	0.434963 	-15.4274
	0.440312 	-15.4864
	0.445662 	-15.5406
	0.451011 	-15.5899
	0.456361 	-15.6339
 	0.46171 	-15.6725
 	0.46706 	-15.7055
	0.472409 	-15.7327
	0.477759  	-15.754
	0.483108 	-15.7692
	0.488458 	-15.7784
	0.493807 	-15.7815

       	0 	-15.7814
  0.00463745 	-15.7791
  0.00927491 	-15.7722
   0.0139124 	-15.7607
   0.0185498 	-15.7447
   0.0231873 	-15.7242
   0.0278247 	-15.6992
   0.0324622 	-15.6699
   0.0370996 	-15.6364
   0.0417371 	-15.5988
   0.0463745 	-15.5572
	0.051012 	-15.5118
   0.0556494 	-15.4627
   0.0602869 	-15.4102
   0.0649243 	-15.3544
   0.0695618 	-15.2956
   0.0741993 	-15.2341
   0.0788367   	-15.17
   0.0834742 	-15.1038
   0.0881116 	-15.0357
   0.0927491 	-14.9661
   0.0973865 	-14.8954
	0.102024  	-14.824
	0.106661 	-14.7522
	0.111299 	-14.6807
	0.115936 	-14.6098
	0.120574 	-14.5401
	0.125211 	-14.4722
	0.129849 	-14.4065
	0.134486 	-14.3438
	0.139124 	-14.2846
	0.143761 	-14.2295
	0.148398 	-14.1792
	0.153036 	-14.1341
	0.157673 	-14.0949
	0.162311 	-14.0621
	0.166948  	-14.036
	0.171586 	-14.0172
	0.176223 	-14.0058
	0.180861 	-14.0019
	0.180861 	-14.0019
	0.183535  	-14.001
 	0.18621 	-13.9993
	0.188885  	-13.997
 	0.19156  	-13.994
	0.194234 	-13.9904
	0.196909 	-13.9862
	0.199584 	-13.9813
	0.202259 	-13.9758
	0.204934 	-13.9697
	0.207608 	-13.9631
	0.210283  	-13.956
	0.212958 	-13.9484
	0.215633 	-13.9403
	0.218307 	-13.9318
	0.220982 	-13.9229
	0.223657 	-13.9136
	0.226332 	-13.9041
	0.229006 	-13.8943
	0.231681 	-13.8843
	0.234356 	-13.8741
	0.237031 	-13.8638
	0.239705 	-13.8535
 	0.24238 	-13.8432
	0.245055  	-13.833
 	0.24773 	-13.8229
	0.250404  	-13.813
	0.253079 	-13.8034
	0.255754 	-13.7941
	0.258429 	-13.7853
	0.261104 	-13.7769
	0.263778 	-13.7691
	0.266453  	-13.762
	0.269128 	-13.7555
	0.271803 	-13.7498
	0.274477  	-13.745
	0.277152 	-13.7411
	0.279827 	-13.7382
	0.282502 	-13.7364
	0.285176 	-13.7358
	0.285176 	-13.7358
	0.290526 	-13.7385
	0.295875 	-13.7466
	0.301225 	-13.7606
	0.306574 	-13.7807
	0.311924 	-13.8073
	0.317273 	-13.8405
	0.322623 	-13.8802
	0.327972 	-13.9264
	0.333322 	-13.9788
	0.338672 	-14.0372
	0.344021 	-14.1011
	0.349371 	-14.1699
 	0.35472 	-14.2431
 	0.36007   	-14.32
	0.365419    	-14.4
	0.370769 	-14.4823
	0.376118 	-14.5663
	0.381468 	-14.6513
	0.386817 	-14.7367
	0.392167 	-14.8217
	0.397516 	-14.9058
	0.402866 	-14.9885
	0.408215 	-15.0692
	0.413565 	-15.1473
	0.418914 	-15.2225
	0.424264 	-15.2942
	0.429613 	-15.3622
	0.434963  	-15.426
	0.440312 	-15.4853
	0.445662 	-15.5399
	0.451011 	-15.5894
	0.456361 	-15.6336
 	0.46171 	-15.6723
 	0.46706 	-15.7053
	0.472409 	-15.7326
	0.477759 	-15.7539
	0.483108 	-15.7692
	0.488458 	-15.7784
	0.493807 	-15.7814

       	0 	-14.5724
  0.00463745 	-14.5713
  0.00927491  	-14.568
   0.0139124 	-14.5625
   0.0185498 	-14.5548
   0.0231873  	-14.545
   0.0278247 	-14.5331
   0.0324622 	-14.5191
   0.0370996 	-14.5031
   0.0417371 	-14.4851
   0.0463745 	-14.4653
	0.051012 	-14.4436
   0.0556494 	-14.4203
   0.0602869 	-14.3953
   0.0649243 	-14.3689
   0.0695618  	-14.341
   0.0741993 	-14.3119
   0.0788367 	-14.2818
   0.0834742 	-14.2506
   0.0881116 	-14.2187
   0.0927491 	-14.1863
   0.0973865 	-14.1534
	0.102024 	-14.1203
	0.106661 	-14.0872
	0.111299 	-14.0543
	0.115936 	-14.0219
	0.120574 	-13.9903
	0.125211 	-13.9596
	0.129849 	-13.9301
	0.134486 	-13.9021
	0.139124 	-13.8758
	0.143761 	-13.8515
	0.148398 	-13.8294
	0.153036 	-13.8097
	0.157673 	-13.7927
	0.162311 	-13.7785
	0.166948 	-13.7673
	0.171586 	-13.7592
	0.176223 	-13.7543
	0.180861 	-13.7527
	0.180861 	-13.7527
	0.183535 	-13.7525
 	0.18621 	-13.7519
	0.188885 	-13.7508
 	0.19156 	-13.7493
	0.194234 	-13.7473
	0.196909 	-13.7448
	0.199584  	-13.742
	0.202259 	-13.7387
	0.204934  	-13.735
	0.207608  	-13.731
	0.210283 	-13.7265
	0.212958 	-13.7218
	0.215633 	-13.7167
	0.218307 	-13.7114
	0.220982 	-13.7057
	0.223657 	-13.6999
	0.226332 	-13.6939
	0.229006 	-13.6877
	0.231681 	-13.6813
	0.234356 	-13.6749
	0.237031 	-13.6684
	0.239705 	-13.6619
 	0.24238 	-13.6554
	0.245055  	-13.649
 	0.24773 	-13.6427
	0.250404 	-13.6365
	0.253079 	-13.6306
	0.255754 	-13.6248
	0.258429 	-13.6194
	0.261104 	-13.6143
	0.263778 	-13.6095
	0.266453 	-13.6052
	0.269128 	-13.6013
	0.271803 	-13.5979
	0.274477 	-13.5951
	0.277152 	-13.5928
	0.279827 	-13.5911
	0.282502 	-13.5901
	0.285176 	-13.5897
	0.285176 	-13.5897
	0.290526 	-13.5912
	0.295875 	-13.5958
	0.301225 	-13.6034
	0.306574 	-13.6143
	0.311924 	-13.6284
	0.317273 	-13.6456
	0.322623  	-13.666
	0.327972 	-13.6894
	0.333322 	-13.7156
	0.338672 	-13.7444
	0.344021 	-13.7756
	0.349371  	-13.809
 	0.35472 	-13.8442
 	0.36007 	-13.8809
	0.365419 	-13.9189
	0.370769 	-13.9579
	0.376118 	-13.9976
	0.381468 	-14.0377
	0.386817 	-14.0779
	0.392167 	-14.1179
	0.397516 	-14.1575
	0.402866 	-14.1964
	0.408215 	-14.2344
	0.413565 	-14.2713
	0.418914 	-14.3068
	0.424264 	-14.3407
	0.429613 	-14.3729
	0.434963 	-14.4031
	0.440312 	-14.4313
	0.445662 	-14.4572
	0.451011 	-14.4808
	0.456361 	-14.5018
 	0.46171 	-14.5203
 	0.46706 	-14.5361
	0.472409 	-14.5491
	0.477759 	-14.5593
	0.483108 	-14.5666
	0.488458  	-14.571
	0.493807 	-14.5724

       	0 	-14.5724
  0.00463745 	-14.5713
  0.00927491  	-14.568
   0.0139124 	-14.5625
   0.0185498 	-14.5548
   0.0231873  	-14.545
   0.0278247 	-14.5331
   0.0324622 	-14.5191
   0.0370996 	-14.5031
   0.0417371 	-14.4851
   0.0463745 	-14.4653
	0.051012 	-14.4436
   0.0556494 	-14.4203
   0.0602869 	-14.3953
   0.0649243 	-14.3688
   0.0695618  	-14.341
   0.0741993 	-14.3119
   0.0788367 	-14.2817
   0.0834742 	-14.2506
   0.0881116 	-14.2187
   0.0927491 	-14.1862
   0.0973865 	-14.1533
	0.102024 	-14.1202
	0.106661 	-14.0871
	0.111299 	-14.0543
	0.115936 	-14.0219
	0.120574 	-13.9902
	0.125211 	-13.9595
	0.129849 	-13.9301
	0.134486 	-13.9021
	0.139124 	-13.8758
	0.143761 	-13.8515
	0.148398 	-13.8294
	0.153036 	-13.8097
	0.157673 	-13.7927
	0.162311 	-13.7785
	0.166948 	-13.7673
	0.171586 	-13.7592
	0.176223 	-13.7543
	0.180861 	-13.7527
	0.180861 	-13.7527
	0.183535 	-13.7524
 	0.18621 	-13.7516
	0.188885 	-13.7504
 	0.19156 	-13.7487
	0.194234 	-13.7465
	0.196909  	-13.744
	0.199584  	-13.741
	0.202259 	-13.7376
	0.204934 	-13.7337
	0.207608 	-13.7296
	0.210283  	-13.725
	0.212958 	-13.7201
	0.215633 	-13.7149
	0.218307 	-13.7095
	0.220982 	-13.7037
	0.223657 	-13.6978
	0.226332 	-13.6916
	0.229006 	-13.6853
	0.231681 	-13.6788
	0.234356 	-13.6723
	0.237031 	-13.6657
	0.239705 	-13.6591
 	0.24238 	-13.6526
	0.245055 	-13.6461
 	0.24773 	-13.6397
	0.250404 	-13.6334
	0.253079 	-13.6274
	0.255754 	-13.6216
	0.258429 	-13.6161
	0.261104 	-13.6109
	0.263778 	-13.6062
	0.266453 	-13.6018
	0.269128 	-13.5979
	0.271803 	-13.5944
	0.274477 	-13.5916
	0.277152 	-13.5893
	0.279827 	-13.5876
	0.282502 	-13.5865
	0.285176 	-13.5861
	0.285176 	-13.5861
	0.290526 	-13.5877
	0.295875 	-13.5923
	0.301225    	-13.6
	0.306574 	-13.6109
	0.311924  	-13.625
	0.317273 	-13.6424
	0.322623 	-13.6629
	0.327972 	-13.6864
	0.333322 	-13.7128
	0.338672 	-13.7418
	0.344021 	-13.7732
	0.349371 	-13.8067
 	0.35472 	-13.8421
 	0.36007  	-13.879
	0.365419 	-13.9172
	0.370769 	-13.9564
	0.376118 	-13.9962
	0.381468 	-14.0364
	0.386817 	-14.0768
	0.392167  	-14.117
	0.397516 	-14.1567
	0.402866 	-14.1957
	0.408215 	-14.2338
	0.413565 	-14.2708
	0.418914 	-14.3064
	0.424264 	-14.3404
	0.429613 	-14.3726
	0.434963 	-14.4029
	0.440312 	-14.4311
	0.445662 	-14.4571
	0.451011 	-14.4807
	0.456361 	-14.5017
 	0.46171 	-14.5202
 	0.46706  	-14.536
	0.472409  	-14.549
	0.477759 	-14.5592
	0.483108 	-14.5665
	0.488458 	-14.5709
	0.493807 	-14.5724

       	0 	-7.30365
  0.00463745 	-7.30095
  0.00927491 	-7.29265
   0.0139124 	-7.27885
   0.0185498 	-7.25975
   0.0231873 	-7.23555
   0.0278247 	-7.20645
   0.0324622 	-7.17275
   0.0370996 	-7.13485
   0.0417371 	-7.09325
   0.0463745 	-7.04865
	0.051012 	-7.00155
   0.0556494 	-6.95305
   0.0602869 	-6.90415
   0.0649243 	-6.85635
   0.0695618 	-6.81105
   0.0741993 	-6.77025
   0.0788367 	-6.73625
   0.0834742 	-6.71135
   0.0881116 	-6.69775
   0.0927491 	-6.69715
   0.0973865 	-6.71015
	0.102024 	-6.73635
	0.106661 	-6.77415
	0.111299 	-6.82125
	0.115936 	-6.87515
	0.120574 	-6.93345
	0.125211 	-6.99405
	0.129849 	-7.05525
	0.134486 	-7.11565
	0.139124 	-7.17385
	0.143761 	-7.22875
	0.148398 	-7.27955
	0.153036 	-7.32525
	0.157673 	-7.36525
	0.162311 	-7.39895
	0.166948 	-7.42565
	0.171586 	-7.44505
	0.176223 	-7.45685
	0.180861 	-7.46075
	0.180861 	-7.46075
	0.183535 	-7.46025
 	0.18621 	-7.45755
	0.188885 	-7.45275
 	0.19156 	-7.44575
	0.194234 	-7.43675
	0.196909 	-7.42565
	0.199584 	-7.41245
	0.202259 	-7.39725
	0.204934 	-7.38005
	0.207608 	-7.36075
	0.210283 	-7.33955
	0.212958 	-7.31635
	0.215633 	-7.29125
	0.218307 	-7.26435
	0.220982 	-7.23555
	0.223657 	-7.20495
	0.226332 	-7.17265
	0.229006 	-7.13865
	0.231681 	-7.10295
	0.234356 	-7.06575
	0.237031 	-7.02715
	0.239705 	-6.98705
 	0.24238 	-6.94595
	0.245055 	-6.90625
 	0.24773 	-6.90885
	0.250404 	-6.93005
	0.253079 	-6.95105
	0.255754 	-6.97135
	0.258429 	-6.99045
	0.261104 	-7.00845
	0.263778 	-7.02495
	0.266453 	-7.03995
	0.269128 	-7.05325
	0.271803 	-7.06485
	0.274477 	-7.07455
	0.277152 	-7.08235
	0.279827 	-7.08795
	0.282502 	-7.09145
	0.285176 	-7.09265
	0.285176 	-7.09265
	0.290526 	-7.08755
	0.295875 	-7.07275
	0.301225 	-7.04775
	0.306574 	-7.01255
	0.311924 	-6.96685
	0.317273 	-6.91075
	0.322623 	-6.84435
	0.327972 	-6.77605
	0.333322 	-6.80455
	0.338672 	-6.82165
	0.344021 	-6.82765
	0.349371 	-6.82555
 	0.35472 	-6.81455
 	0.36007 	-6.79545
	0.365419 	-6.76965
	0.370769 	-6.73945
	0.376118 	-6.70745
	0.381468 	-6.67685
	0.386817 	-6.65125
	0.392167 	-6.63475
	0.397516 	-6.63065
	0.402866 	-6.64075
	0.408215 	-6.66505
	0.413565 	-6.70175
	0.418914 	-6.74805
	0.424264 	-6.80095
	0.429613 	-6.85775
	0.434963 	-6.91605
	0.440312 	-6.97405
	0.445662 	-7.03015
	0.451011 	-7.08305
	0.456361 	-7.13185
 	0.46171 	-7.17565
 	0.46706 	-7.21365
	0.472409 	-7.24555
	0.477759 	-7.27075
	0.483108 	-7.28895
	0.488458 	-7.30005
	0.493807 	-7.30365

       	0 	-7.30365
  0.00463745 	-7.30085
  0.00927491 	-7.29255
   0.0139124 	-7.27885
   0.0185498 	-7.25975
   0.0231873 	-7.23555
   0.0278247 	-7.20645
   0.0324622 	-7.17275
   0.0370996 	-7.13485
   0.0417371 	-7.09325
   0.0463745 	-7.04855
	0.051012 	-7.00155
   0.0556494 	-6.95305
   0.0602869 	-6.90415
   0.0649243 	-6.85625
   0.0695618 	-6.81105
   0.0741993 	-6.77025
   0.0788367 	-6.73625
   0.0834742 	-6.71135
   0.0881116 	-6.69775
   0.0927491 	-6.69705
   0.0973865 	-6.71015
	0.102024 	-6.73635
	0.106661 	-6.77415
	0.111299 	-6.82125
	0.115936 	-6.87505
	0.120574 	-6.93335
	0.125211 	-6.99405
	0.129849 	-7.05525
	0.134486 	-7.11555
	0.139124 	-7.17375
	0.143761 	-7.22875
	0.148398 	-7.27945
	0.153036 	-7.32525
	0.157673 	-7.36525
	0.162311 	-7.39885
	0.166948 	-7.42565
	0.171586 	-7.44505
	0.176223 	-7.45685
	0.180861 	-7.46075
	0.180861 	-7.46075
	0.183535 	-7.45925
 	0.18621 	-7.45555
	0.188885 	-7.44975
 	0.19156 	-7.44185
	0.194234 	-7.43185
	0.196909 	-7.41975
	0.199584 	-7.40565
	0.202259 	-7.38945
	0.204934 	-7.37125
	0.207608 	-7.35095
	0.210283 	-7.32875
	0.212958 	-7.30465
	0.215633 	-7.27855
	0.218307 	-7.25065
	0.220982 	-7.22085
	0.223657 	-7.18935
	0.226332 	-7.15605
	0.229006 	-7.12105
	0.231681 	-7.08445
	0.234356 	-7.04635
	0.237031 	-7.00665
	0.239705 	-6.96555
 	0.24238 	-6.92325
	0.245055 	-6.88375
 	0.24773 	-6.90005
	0.250404 	-6.92205
	0.253079 	-6.94335
	0.255754 	-6.96375
	0.258429 	-6.98305
	0.261104 	-7.00105
	0.263778 	-7.01775
	0.266453 	-7.03275
	0.269128 	-7.04625
	0.271803 	-7.05785
	0.274477 	-7.06765
	0.277152 	-7.07545
	0.279827 	-7.08105
	0.282502 	-7.08455
	0.285176 	-7.08585
	0.285176 	-7.08585
	0.290526 	-7.08075
	0.295875 	-7.06575
	0.301225 	-7.04065
	0.306574 	-7.00515
	0.311924 	-6.95915
	0.317273 	-6.90265
	0.322623 	-6.83585
	0.327972 	-6.76835
	0.333322 	-6.79745
	0.338672 	-6.81775
	0.344021 	-6.82685
	0.349371 	-6.82315
 	0.35472 	-6.80945
 	0.36007 	-6.78765
	0.365419 	-6.75965
	0.370769 	-6.72765
	0.376118 	-6.69425
	0.381468 	-6.66275
	0.386817 	-6.63715
	0.392167 	-6.62125
	0.397516 	-6.61835
	0.402866 	-6.63025
	0.408215 	-6.65645
	0.413565 	-6.69485
	0.418914 	-6.74275
	0.424264 	-6.79695
	0.429613 	-6.85475
	0.434963 	-6.91385
	0.440312 	-6.97245
	0.445662 	-7.02905
	0.451011 	-7.08235
	0.456361 	-7.13135
 	0.46171 	-7.17535
 	0.46706 	-7.21355
	0.472409 	-7.24545
	0.477759 	-7.27065
	0.483108 	-7.28895
	0.488458 	-7.29995
	0.493807 	-7.30365

       	0 	-4.38665
  0.00463745 	-4.38835
  0.00927491 	-4.39635
   0.0139124 	-4.41595
   0.0185498 	-4.44885
   0.0231873 	-4.49355
   0.0278247 	-4.54805
   0.0324622 	-4.61085
   0.0370996 	-4.68075
   0.0417371 	-4.75635
   0.0463745 	-4.83645
	0.051012 	-4.91975
   0.0556494 	-5.00475
   0.0602869 	-5.09015
   0.0649243 	-5.17445
   0.0695618 	-5.25585
   0.0741993 	-5.33265
   0.0788367 	-5.40295
   0.0834742 	-5.46475
   0.0881116 	-5.51655
   0.0927491 	-5.55725
   0.0973865 	-5.58715
	0.102024 	-5.60815
	0.106661 	-5.63105
	0.111299 	-5.70665
	0.115936 	-5.79525
	0.120574 	-5.88165
	0.125211 	-5.96465
	0.129849 	-6.04345
	0.134486 	-6.11745
	0.139124 	-6.18615
	0.143761 	-6.24905
	0.148398 	-6.30585
	0.153036 	-6.35585
	0.157673 	-6.39885
	0.162311 	-6.43455
	0.166948 	-6.46265
	0.171586 	-6.48285
	0.176223 	-6.49495
	0.180861 	-6.49905
	0.180861 	-6.49905
	0.183535 	-6.50015
 	0.18621 	-6.50285
	0.188885 	-6.50715
 	0.19156 	-6.51305
	0.194234 	-6.52045
	0.196909 	-6.52955
	0.199584 	-6.54015
	0.202259 	-6.55225
	0.204934 	-6.56575
	0.207608 	-6.58075
	0.210283 	-6.59715
	0.212958 	-6.61475
	0.215633 	-6.63355
	0.218307 	-6.65345
	0.220982 	-6.67435
	0.223657 	-6.69605
	0.226332 	-6.71855
	0.229006 	-6.74155
	0.231681 	-6.76505
	0.234356 	-6.78885
	0.237031 	-6.81265
	0.239705 	-6.83645
 	0.24238 	-6.85965
	0.245055 	-6.87985
 	0.24773 	-6.85605
	0.250404 	-6.81195
	0.253079 	-6.76615
	0.255754 	-6.71945
	0.258429 	-6.67205
	0.261104 	-6.62435
	0.263778 	-6.57645
	0.266453 	-6.52895
	0.269128 	-6.48245
	0.271803 	-6.43765
	0.274477 	-6.39575
	0.277152 	-6.35855
	0.279827 	-6.32835
	0.282502 	-6.30815
	0.285176 	-6.30065
	0.285176 	-6.30065
	0.290526 	-6.32875
	0.295875 	-6.39295
	0.301225 	-6.47065
	0.306574 	-6.54865
	0.311924 	-6.62065
	0.317273 	-6.68345
	0.322623 	-6.73545
	0.327972 	-6.76775
	0.333322 	-6.68165
	0.338672 	-6.58625
	0.344021 	-6.48205
	0.349371 	-6.36975
 	0.35472 	-6.25005
 	0.36007 	-6.12395
	0.365419 	-5.99245
	0.370769 	-5.85695
	0.376118 	-5.71895
	0.381468 	-5.58075
	0.386817 	-5.54285
	0.392167 	-5.54795
	0.397516 	-5.53695
	0.402866 	-5.50885
	0.408215 	-5.46475
	0.413565 	-5.40445
	0.418914 	-5.33095
	0.424264 	-5.24725
	0.429613 	-5.15655
	0.434963 	-5.06175
	0.440312 	-4.96525
	0.445662 	-4.86955
	0.451011 	-4.77685
	0.456361 	-4.68925
 	0.46171 	-4.60875
 	0.46706 	-4.53735
	0.472409 	-4.47735
	0.477759 	-4.43115
	0.483108 	-4.40165
	0.488458 	-4.38915
	0.493807 	-4.38665

       	0 	-4.38665
  0.00463745 	-4.38835
  0.00927491 	-4.39635
   0.0139124 	-4.41595
   0.0185498 	-4.44885
   0.0231873 	-4.49345
   0.0278247 	-4.54795
   0.0324622 	-4.61085
   0.0370996 	-4.68075
   0.0417371 	-4.75635
   0.0463745 	-4.83645
	0.051012 	-4.91965
   0.0556494 	-5.00475
   0.0602869 	-5.09015
   0.0649243 	-5.17445
   0.0695618 	-5.25585
   0.0741993 	-5.33265
   0.0788367 	-5.40295
   0.0834742 	-5.46475
   0.0881116 	-5.51655
   0.0927491 	-5.55725
   0.0973865 	-5.58715
	0.102024 	-5.60805
	0.106661 	-5.63095
	0.111299 	-5.70665
	0.115936 	-5.79515
	0.120574 	-5.88165
	0.125211 	-5.96455
	0.129849 	-6.04335
	0.134486 	-6.11735
	0.139124 	-6.18605
	0.143761 	-6.24905
	0.148398 	-6.30575
	0.153036 	-6.35585
	0.157673 	-6.39885
	0.162311 	-6.43455
	0.166948 	-6.46255
	0.171586 	-6.48275
	0.176223 	-6.49495
	0.180861 	-6.49895
	0.180861 	-6.49895
	0.183535 	-6.49955
 	0.18621 	-6.50165
	0.188885 	-6.50545
 	0.19156 	-6.51075
	0.194234 	-6.51775
	0.196909 	-6.52625
	0.199584 	-6.53635
	0.202259 	-6.54805
	0.204934 	-6.56115
	0.207608 	-6.57575
	0.210283 	-6.59165
	0.212958 	-6.60895
	0.215633 	-6.62745
	0.218307 	-6.64705
	0.220982 	-6.66775
	0.223657 	-6.68925
	0.226332 	-6.71155
	0.229006 	-6.73455
	0.231681 	-6.75795
	0.234356 	-6.78165
	0.237031 	-6.80545
	0.239705 	-6.82935
 	0.24238 	-6.85285
	0.245055 	-6.87195
 	0.24773 	-6.83355
	0.250404 	-6.78775
	0.253079 	-6.74085
	0.255754 	-6.69305
	0.258429 	-6.64475
	0.261104 	-6.59605
	0.263778 	-6.54725
	0.266453 	-6.49885
	0.269128 	-6.45135
	0.271803 	-6.40565
	0.274477 	-6.36285
	0.277152 	-6.32475
	0.279827 	-6.29375
	0.282502 	-6.27295
	0.285176 	-6.26525
	0.285176 	-6.26525
	0.290526 	-6.29435
	0.295875 	-6.36115
	0.301225 	-6.44195
	0.306574 	-6.52335
	0.311924 	-6.59885
	0.317273 	-6.66515
	0.322623 	-6.72065
	0.327972 	-6.75505
	0.333322 	-6.67125
	0.338672 	-6.57515
	0.344021 	-6.46995
	0.349371 	-6.35655
 	0.35472 	-6.23555
 	0.36007 	-6.10795
	0.365419 	-5.97465
	0.370769 	-5.83715
	0.376118 	-5.69715
	0.381468 	-5.55985
	0.386817 	-5.53735
	0.392167 	-5.54375
	0.397516 	-5.53515
	0.402866 	-5.50805
	0.408215 	-5.46135
	0.413565 	-5.39875
	0.418914 	-5.32345
	0.424264 	-5.23845
	0.429613 	-5.14695
	0.434963 	-5.05165
	0.440312 	-4.95515
	0.445662 	-4.85975
	0.451011 	-4.76755
	0.456361 	-4.68065
 	0.46171 	-4.60115
 	0.46706 	-4.53095
	0.472409 	-4.47235
	0.477759 	-4.42775
	0.483108 	-4.40015
	0.488458 	-4.38895
	0.493807 	-4.38665

       	0 	-4.32045
  0.00463745 	-4.32185
  0.00927491 	-4.32295
   0.0139124 	-4.31825
   0.0185498 	-4.30545
   0.0231873 	-4.28575
   0.0278247 	-4.26025
   0.0324622 	-4.23005
   0.0370996 	-4.19775
   0.0417371 	-4.22175
   0.0463745 	-4.31575
	0.051012 	-4.41395
   0.0556494 	-4.51335
   0.0602869 	-4.61335
   0.0649243 	-4.71385
   0.0695618 	-4.81465
   0.0741993 	-4.91565
   0.0788367 	-5.01675
   0.0834742 	-5.11755
   0.0881116 	-5.21785
   0.0927491 	-5.31735
   0.0973865 	-5.41555
	0.102024 	-5.51145
	0.106661 	-5.59595
	0.111299 	-5.62085
	0.115936 	-5.62795
	0.120574 	-5.63415
	0.125211 	-5.64185
	0.129849 	-5.65205
	0.134486 	-5.66505
	0.139124 	-5.68035
	0.143761 	-5.69755
	0.148398 	-5.71555
	0.153036 	-5.73345
	0.157673 	-5.75045
	0.162311 	-5.76555
	0.166948 	-5.77805
	0.171586 	-5.78735
	0.176223 	-5.79315
	0.180861 	-5.79515
	0.180861 	-5.79515
	0.183535 	-5.79495
 	0.18621 	-5.79405
	0.188885 	-5.79245
 	0.19156 	-5.79005
	0.194234 	-5.78695
	0.196909 	-5.78325
	0.199584 	-5.77885
	0.202259 	-5.77385
	0.204934 	-5.76815
	0.207608 	-5.76195
	0.210283 	-5.75525
	0.212958 	-5.74795
	0.215633 	-5.74035
	0.218307 	-5.73225
	0.220982 	-5.72385
	0.223657 	-5.71525
	0.226332 	-5.70635
	0.229006 	-5.69735
	0.231681 	-5.68825
	0.234356 	-5.67915
	0.237031 	-5.67025
	0.239705 	-5.66145
 	0.24238 	-5.65305
	0.245055 	-5.64515
 	0.24773 	-5.63785
	0.250404 	-5.63225
	0.253079 	-5.62865
	0.255754 	-5.62695
	0.258429 	-5.62795
	0.261104 	-5.63215
	0.263778 	-5.64065
	0.266453 	-5.65425
	0.269128 	-5.67355
	0.271803 	-5.69815
	0.274477 	-5.72665
	0.277152 	-5.75605
	0.279827 	-5.78235
	0.282502 	-5.80125
	0.285176 	-5.80845
	0.285176 	-5.80845
	0.290526 	-5.77965
	0.295875 	-5.71125
	0.301225 	-5.62595
	0.306574 	-5.54015
	0.311924 	-5.46675
	0.317273 	-5.41325
	0.322623 	-5.37875
	0.327972 	-5.35845
	0.333322 	-5.34845
	0.338672 	-5.34695
	0.344021 	-5.35285
	0.349371 	-5.36565
 	0.35472 	-5.38495
 	0.36007 	-5.40955
	0.365419 	-5.43835
	0.370769 	-5.46915
	0.376118 	-5.49915
	0.381468 	-5.52505
	0.386817 	-5.44495
	0.392167 	-5.31515
	0.397516 	-5.19465
	0.402866 	-5.08525
	0.408215 	-4.98545
	0.413565 	-4.89195
	0.418914 	-4.80095
	0.424264 	-4.70975
	0.429613 	-4.61675
	0.434963 	-4.52115
	0.440312 	-4.42275
	0.445662 	-4.32365
	0.451011 	-4.22805
	0.456361 	-4.19725
 	0.46171 	-4.23675
 	0.46706 	-4.27025
	0.472409 	-4.29685
	0.477759 	-4.31505
	0.483108 	-4.32315
	0.488458 	-4.32225
	0.493807 	-4.32045

       	0 	-4.32045
  0.00463745 	-4.32175
  0.00927491 	-4.32295
   0.0139124 	-4.31825
   0.0185498 	-4.30545
   0.0231873 	-4.28575
   0.0278247 	-4.26025
   0.0324622 	-4.23005
   0.0370996 	-4.19775
   0.0417371 	-4.22165
   0.0463745 	-4.31575
	0.051012 	-4.41395
   0.0556494 	-4.51335
   0.0602869 	-4.61335
   0.0649243 	-4.71385
   0.0695618 	-4.81465
   0.0741993 	-4.91565
   0.0788367 	-5.01665
   0.0834742 	-5.11745
   0.0881116 	-5.21785
   0.0927491 	-5.31735
   0.0973865 	-5.41555
	0.102024 	-5.51135
	0.106661 	-5.59595
	0.111299 	-5.62075
	0.115936 	-5.62795
	0.120574 	-5.63415
	0.125211 	-5.64185
	0.129849 	-5.65205
	0.134486 	-5.66495
	0.139124 	-5.68035
	0.143761 	-5.69745
	0.148398 	-5.71545
	0.153036 	-5.73345
	0.157673 	-5.75035
	0.162311 	-5.76545
	0.166948 	-5.77795
	0.171586 	-5.78735
	0.176223 	-5.79315
	0.180861 	-5.79505
	0.180861 	-5.79505
	0.183535 	-5.79455
 	0.18621 	-5.79325
	0.188885 	-5.79125
 	0.19156 	-5.78855
	0.194234 	-5.78505
	0.196909 	-5.78095
	0.199584 	-5.77625
	0.202259 	-5.77085
	0.204934 	-5.76495
	0.207608 	-5.75845
	0.210283 	-5.75145
	0.212958 	-5.74405
	0.215633 	-5.73615
	0.218307 	-5.72805
	0.220982 	-5.71955
	0.223657 	-5.71085
	0.226332 	-5.70205
	0.229006 	-5.69305
	0.231681 	-5.68415
	0.234356 	-5.67535
	0.237031 	-5.66675
	0.239705 	-5.65855
 	0.24238 	-5.65075
	0.245055 	-5.64365
 	0.24773 	-5.63735
	0.250404 	-5.63145
	0.253079 	-5.62615
	0.255754 	-5.62255
	0.258429 	-5.62085
	0.261104 	-5.62205
	0.263778 	-5.62675
	0.266453 	-5.63605
	0.269128 	-5.65075
	0.271803 	-5.67115
	0.274477 	-5.69605
	0.277152 	-5.72315
	0.279827 	-5.74825
	0.282502 	-5.76665
	0.285176 	-5.77375
	0.285176 	-5.77375
	0.290526 	-5.74495
	0.295875 	-5.67655
	0.301225 	-5.59235
	0.306574 	-5.51025
	0.311924 	-5.44295
	0.317273 	-5.39565
	0.322623 	-5.36515
	0.327972 	-5.34675
	0.333322 	-5.33745
	0.338672 	-5.33585
	0.344021 	-5.34155
	0.349371 	-5.35405
 	0.35472 	-5.37305
 	0.36007 	-5.39775
	0.365419 	-5.42665
	0.370769 	-5.45775
	0.376118 	-5.48825
	0.381468 	-5.51185
	0.386817 	-5.41535
	0.392167 	-5.28465
	0.397516 	-5.16465
	0.402866 	-5.05815
	0.408215 	-4.96305
	0.413565 	-4.87445
	0.418914 	-4.78775
	0.424264 	-4.70025
	0.429613 	-4.61035
	0.434963 	-4.51745
	0.440312 	-4.42155
	0.445662 	-4.32165
	0.451011 	-4.21825
	0.456361 	-4.19605
 	0.46171 	-4.23025
 	0.46706 	-4.26395
	0.472409 	-4.29175
	0.477759 	-4.31165
	0.483108 	-4.32155
	0.488458 	-4.32205
	0.493807 	-4.32045

       	0 	-3.47745
  0.00463745 	-3.50695
  0.00927491 	-3.57305
   0.0139124 	-3.65355
   0.0185498 	-3.74055
   0.0231873 	-3.83135
   0.0278247 	-3.92435
   0.0324622 	-4.01875
   0.0370996 	-4.11165
   0.0417371 	-4.14495
   0.0463745 	-4.10485
	0.051012 	-4.05735
   0.0556494 	-4.00595
   0.0602869 	-3.95165
   0.0649243 	-3.89935
   0.0695618 	-3.92115
   0.0741993 	-3.98535
   0.0788367 	-4.05105
   0.0834742 	-4.11625
   0.0881116 	-4.18045
   0.0927491 	-4.24315
   0.0973865 	-4.30405
	0.102024 	-4.36295
	0.106661 	-4.41945
	0.111299 	-4.47335
	0.115936 	-4.52465
	0.120574 	-4.57295
	0.125211 	-4.61825
	0.129849 	-4.66035
	0.134486 	-4.69915
	0.139124 	-4.73455
	0.143761 	-4.76645
	0.148398 	-4.79485
	0.153036 	-4.81945
	0.157673 	-4.84045
	0.162311 	-4.85765
	0.166948 	-4.87115
	0.171586 	-4.88075
	0.176223 	-4.88645
	0.180861 	-4.88845
	0.180861 	-4.88845
	0.183535 	-4.88915
 	0.18621 	-4.89035
	0.188885 	-4.89185
 	0.19156 	-4.89375
	0.194234 	-4.89595
	0.196909 	-4.89825
	0.199584 	-4.90045
	0.202259 	-4.90255
	0.204934 	-4.90435
	0.207608 	-4.90565
	0.210283 	-4.90645
	0.212958 	-4.90645
	0.215633 	-4.90565
	0.218307 	-4.90385
	0.220982 	-4.90105
	0.223657 	-4.89715
	0.226332 	-4.89215
	0.229006 	-4.88585
	0.231681 	-4.87845
	0.234356 	-4.86985
	0.237031 	-4.86015
	0.239705 	-4.84925
 	0.24238 	-4.83735
	0.245055 	-4.82455
 	0.24773 	-4.81075
	0.250404 	-4.79635
	0.253079 	-4.81435
	0.255754 	-4.88545
	0.258429 	-4.95985
	0.261104 	-5.03035
	0.263778 	-5.09475
	0.266453 	-5.15115
	0.269128 	-5.19825
	0.271803 	-5.23555
	0.274477 	-5.26315
	0.277152 	-5.28425
	0.279827 	-5.29825
	0.282502 	-5.30565
	0.285176 	-5.30795
	0.285176 	-5.30795
	0.290526 	-5.30065
	0.295875 	-5.28195
	0.301225 	-5.25415
	0.306574 	-5.21565
	0.311924 	-5.15875
	0.317273 	-5.08015
	0.322623 	-4.98565
	0.327972 	-4.90845
	0.333322 	-4.94295
	0.338672 	-4.97605
	0.344021 	-5.00395
	0.349371 	-5.02555
 	0.35472 	-5.04025
 	0.36007 	-5.04735
	0.365419 	-5.04615
	0.370769 	-5.03585
	0.376118 	-5.01565
	0.381468 	-4.98395
	0.386817 	-4.93875
	0.392167 	-4.87695
	0.397516 	-4.79515
	0.402866 	-4.69245
	0.408215 	-4.57255
	0.413565 	-4.44195
	0.418914 	-4.30705
	0.424264 	-4.17245
	0.429613 	-4.04395
	0.434963 	-3.99785
	0.440312 	-4.05055
	0.445662 	-4.10305
	0.451011 	-4.15215
	0.456361 	-4.11265
 	0.46171 	-4.00645
 	0.46706 	-3.90005
	0.472409 	-3.79475
	0.477759 	-3.69275
	0.483108 	-3.59685
	0.488458 	-3.51555
	0.493807 	-3.47745

       	0 	-3.47745
  0.00463745 	-3.50695
  0.00927491 	-3.57305
   0.0139124 	-3.65355
   0.0185498 	-3.74055
   0.0231873 	-3.83125
   0.0278247 	-3.92435
   0.0324622 	-4.01865
   0.0370996 	-4.11165
   0.0417371 	-4.14495
   0.0463745 	-4.10475
	0.051012 	-4.05735
   0.0556494 	-4.00595
   0.0602869 	-3.95165
   0.0649243 	-3.89935
   0.0695618 	-3.92115
   0.0741993 	-3.98535
   0.0788367 	-4.05105
   0.0834742 	-4.11625
   0.0881116 	-4.18045
   0.0927491 	-4.24315
   0.0973865 	-4.30405
	0.102024 	-4.36285
	0.106661 	-4.41935
	0.111299 	-4.47335
	0.115936 	-4.52465
	0.120574 	-4.57295
	0.125211 	-4.61825
	0.129849 	-4.66035
	0.134486 	-4.69915
	0.139124 	-4.73455
	0.143761 	-4.76645
	0.148398 	-4.79475
	0.153036 	-4.81945
	0.157673 	-4.84045
	0.162311 	-4.85765
	0.166948 	-4.87105
	0.171586 	-4.88075
	0.176223 	-4.88645
	0.180861 	-4.88845
	0.180861 	-4.88845
	0.183535 	-4.88815
 	0.18621 	-4.88835
	0.188885 	-4.88895
 	0.19156 	-4.88985
	0.194234 	-4.89105
	0.196909 	-4.89235
	0.199584 	-4.89355
	0.202259 	-4.89465
	0.204934 	-4.89535
	0.207608 	-4.89565
	0.210283 	-4.89535
	0.212958 	-4.89435
	0.215633 	-4.89245
	0.218307 	-4.88955
	0.220982 	-4.88575
	0.223657 	-4.88075
	0.226332 	-4.87465
	0.229006 	-4.86735
	0.231681 	-4.85895
	0.234356 	-4.84935
	0.237031 	-4.83865
	0.239705 	-4.82695
 	0.24238 	-4.81445
	0.245055 	-4.80145
 	0.24773 	-4.78915
	0.250404 	-4.78255
	0.253079 	-4.78125
	0.255754 	-4.84565
	0.258429 	-4.92645
	0.261104 	-5.00235
	0.263778 	-5.07215
	0.266453 	-5.13425
	0.269128 	-5.18715
	0.271803 	-5.22985
	0.274477 	-5.26195
	0.277152 	-5.28215
	0.279827 	-5.29405
	0.282502 	-5.30035
	0.285176 	-5.30225
	0.285176 	-5.30225
	0.290526 	-5.29595
	0.295875 	-5.27985
	0.301225 	-5.25175
	0.306574 	-5.20595
	0.311924 	-5.13895
	0.317273 	-5.04955
	0.322623 	-4.94505
	0.327972 	-4.90695
	0.333322 	-4.92395
	0.338672 	-4.95485
	0.344021 	-4.98225
	0.349371 	-5.00365
 	0.35472 	-5.01805
 	0.36007 	-5.02455
	0.365419 	-5.02255
	0.370769 	-5.01125
	0.376118 	-4.98965
	0.381468 	-4.95645
	0.386817 	-4.90965
	0.392167 	-4.84715
	0.397516 	-4.76665
	0.402866 	-4.66795
	0.408215 	-4.55365
	0.413565 	-4.42895
	0.418914 	-4.29945
	0.424264 	-4.16955
	0.429613 	-4.04165
	0.434963 	-3.97085
	0.440312 	-4.02755
	0.445662 	-4.08135
	0.451011 	-4.12635
	0.456361 	-4.10105
 	0.46171 	-4.00295
 	0.46706 	-3.89885
	0.472409 	-3.79465
	0.477759 	-3.69255
	0.483108 	-3.59655
	0.488458 	-3.51545
	0.493807 	-3.47745

       	0 	-3.28435
  0.00463745 	-3.27355
  0.00927491 	-3.26935
   0.0139124 	-3.28295
   0.0185498 	-3.30775
   0.0231873 	-3.34085
   0.0278247 	-3.38075
   0.0324622 	-3.42665
   0.0370996 	-3.47755
   0.0417371 	-3.53265
   0.0463745 	-3.59135
	0.051012 	-3.65285
   0.0556494 	-3.71625
   0.0602869 	-3.78065
   0.0649243 	-3.84105
   0.0695618 	-3.82515
   0.0741993 	-3.76475
   0.0788367 	-3.70055
   0.0834742 	-3.63475
   0.0881116 	-3.56805
   0.0927491 	-3.50115
   0.0973865 	-3.43485
	0.102024 	-3.37045
	0.106661 	-3.31225
	0.111299 	-3.29075
	0.115936 	-3.32045
	0.120574 	-3.35755
	0.125211 	-3.39355
	0.129849 	-3.42725
	0.134486 	-3.45815
	0.139124 	-3.48605
	0.143761 	-3.51085
	0.148398 	-3.53265
	0.153036 	-3.55135
	0.157673 	-3.56715
	0.162311 	-3.57995
	0.166948 	-3.58985
	0.171586 	-3.59685
	0.176223 	-3.60105
	0.180861 	-3.60245
	0.180861 	-3.60245
	0.183535 	-3.60255
 	0.18621 	-3.60235
	0.188885 	-3.60165
 	0.19156 	-3.60075
	0.194234 	-3.59955
	0.196909 	-3.59815
	0.199584 	-3.59675
	0.202259 	-3.59555
	0.204934 	-3.59455
	0.207608 	-3.59395
	0.210283 	-3.59415
	0.212958 	-3.59525
	0.215633 	-3.60065
	0.218307 	-3.63175
	0.220982 	-3.70425
	0.223657 	-3.79095
	0.226332 	-3.88145
	0.229006 	-3.97365
	0.231681 	-4.06675
	0.234356 	-4.16025
	0.237031 	-4.25365
	0.239705 	-4.34665
 	0.24238 	-4.43865
	0.245055 	-4.52895
 	0.24773 	-4.61615
	0.250404 	-4.69455
	0.253079 	-4.76105
	0.255754 	-4.76575
	0.258429 	-4.75005
	0.261104 	-4.73435
	0.263778 	-4.71875
	0.266453 	-4.70375
	0.269128 	-4.68955
	0.271803 	-4.67655
	0.274477 	-4.66505
	0.277152 	-4.65555
	0.279827 	-4.64825
	0.282502 	-4.64365
	0.285176 	-4.64205
	0.285176 	-4.64205
	0.290526 	-4.64885
	0.295875 	-4.66785
	0.301225 	-4.69715
	0.306574 	-4.73395
	0.311924 	-4.77535
	0.317273 	-4.81845
	0.322623 	-4.85995
	0.327972 	-4.83485
	0.333322 	-4.74225
	0.338672 	-4.62655
	0.344021 	-4.50835
	0.349371 	-4.39105
 	0.35472 	-4.27645
 	0.36007 	-4.16615
	0.365419 	-4.06215
	0.370769 	-3.96655
	0.376118 	-3.88215
	0.381468 	-3.81195
	0.386817 	-3.75925
	0.392167 	-3.72635
	0.397516 	-3.71415
	0.402866 	-3.72155
	0.408215 	-3.74555
	0.413565 	-3.78265
	0.418914 	-3.82895
	0.424264 	-3.88095
	0.429613 	-3.93465
	0.434963 	-3.91535
	0.440312 	-3.80355
	0.445662 	-3.69855
	0.451011 	-3.60335
	0.456361 	-3.51895
 	0.46171 	-3.44585
 	0.46706 	-3.38435
	0.472409 	-3.33465
	0.477759 	-3.29715
	0.483108 	-3.27385
	0.488458 	-3.27205
	0.493807 	-3.28435

       	0 	-3.28435
  0.00463745 	-3.27345
  0.00927491 	-3.26925
   0.0139124 	-3.28295
   0.0185498 	-3.30775
   0.0231873 	-3.34085
   0.0278247 	-3.38075
   0.0324622 	-3.42655
   0.0370996 	-3.47755
   0.0417371 	-3.53265
   0.0463745 	-3.59135
	0.051012 	-3.65285
   0.0556494 	-3.71625
   0.0602869 	-3.78065
   0.0649243 	-3.84105
   0.0695618 	-3.82515
   0.0741993 	-3.76475
   0.0788367 	-3.70055
   0.0834742 	-3.63475
   0.0881116 	-3.56805
   0.0927491 	-3.50115
   0.0973865 	-3.43485
	0.102024 	-3.37045
	0.106661 	-3.31225
	0.111299 	-3.29075
	0.115936 	-3.32045
	0.120574 	-3.35745
	0.125211 	-3.39355
	0.129849 	-3.42725
	0.134486 	-3.45815
	0.139124 	-3.48595
	0.143761 	-3.51085
	0.148398 	-3.53255
	0.153036 	-3.55135
	0.157673 	-3.56705
	0.162311 	-3.57985
	0.166948 	-3.58975
	0.171586 	-3.59685
	0.176223 	-3.60105
	0.180861 	-3.60245
	0.180861 	-3.60245
	0.183535 	-3.60185
 	0.18621 	-3.60085
	0.188885 	-3.59955
 	0.19156 	-3.59795
	0.194234 	-3.59615
	0.196909 	-3.59425
	0.199584 	-3.59255
	0.202259 	-3.59095
	0.204934 	-3.58995
	0.207608 	-3.58955
	0.210283 	-3.59025
	0.212958 	-3.59285
	0.215633 	-3.59835
	0.218307 	-3.60785
	0.220982 	-3.65315
	0.223657 	-3.73725
	0.226332 	-3.82875
	0.229006 	-3.92245
	0.231681 	-4.01725
	0.234356 	-4.11245
	0.237031 	-4.20785
	0.239705 	-4.30305
 	0.24238 	-4.39745
	0.245055 	-4.49095
 	0.24773 	-4.58305
	0.250404 	-4.67325
	0.253079 	-4.73135
	0.255754 	-4.72485
	0.258429 	-4.71045
	0.261104 	-4.69425
	0.263778 	-4.67775
	0.266453 	-4.66145
	0.269128 	-4.64595
	0.271803 	-4.63145
	0.274477 	-4.61865
	0.277152 	-4.60785
	0.279827 	-4.59965
	0.282502 	-4.59445
	0.285176 	-4.59255
	0.285176 	-4.59255
	0.290526 	-4.60025
	0.295875 	-4.62165
	0.301225 	-4.65415
	0.306574 	-4.69425
	0.311924 	-4.73845
	0.317273 	-4.78345
	0.322623 	-4.82495
	0.327972 	-4.82345
	0.333322 	-4.70455
	0.338672 	-4.58215
	0.344021 	-4.45965
	0.349371 	-4.33855
 	0.35472 	-4.22055
 	0.36007 	-4.10695
	0.365419 	-3.99975
	0.370769 	-3.90145
	0.376118 	-3.81515
	0.381468 	-3.74435
	0.386817 	-3.69295
	0.392167 	-3.66345
	0.397516 	-3.65645
	0.402866 	-3.66995
	0.408215 	-3.70035
	0.413565 	-3.74325
	0.418914 	-3.79465
	0.424264 	-3.85125
	0.429613 	-3.91015
	0.434963 	-3.91535
	0.440312 	-3.79935
	0.445662 	-3.69235
	0.451011 	-3.59585
	0.456361 	-3.51075
 	0.46171 	-3.43755
 	0.46706 	-3.37645
	0.472409 	-3.32775
	0.477759 	-3.29175
	0.483108 	-3.27045
	0.488458 	-3.27115
	0.493807 	-3.28435

       	0 	-3.19975
  0.00463745 	-3.18855
  0.00927491 	-3.14905
   0.0139124 	-3.09225
   0.0185498 	-3.03255
   0.0231873 	-2.97585
   0.0278247 	-2.92475
   0.0324622 	-2.88085
   0.0370996 	-2.84535
   0.0417371 	-2.81915
   0.0463745 	-2.80275
	0.051012 	-2.79635
   0.0556494 	-2.79985
   0.0602869 	-2.81275
   0.0649243 	-2.83435
   0.0695618 	-2.86345
   0.0741993 	-2.89885
   0.0788367 	-2.93935
   0.0834742 	-2.98355
   0.0881116 	-3.03015
   0.0927491 	-3.07785
   0.0973865 	-3.12555
	0.102024 	-3.17145
	0.106661 	-3.21105
	0.111299 	-3.21395
	0.115936 	-3.16565
	0.120574 	-3.11015
	0.125211 	-3.05585
	0.129849 	-3.00435
	0.134486 	-2.95625
	0.139124 	-2.91195
	0.143761 	-2.87175
	0.148398 	-2.83575
	0.153036 	-2.80435
	0.157673 	-2.77755
	0.162311 	-2.75565
	0.166948 	-2.73855
	0.171586 	-2.72635
	0.176223 	-2.71895
	0.180861 	-2.71655
	0.180861 	-2.71655
	0.183535 	-2.73505
 	0.18621 	-2.76665
	0.188885 	-2.80845
 	0.19156 	-2.85805
	0.194234 	-2.91405
	0.196909 	-2.97535
	0.199584 	-3.04145
	0.202259 	-3.11155
	0.204934 	-3.18525
	0.207608 	-3.26215
	0.210283 	-3.34165
	0.212958 	-3.42265
	0.215633 	-3.50165
	0.218307 	-3.56045
	0.220982 	-3.58245
	0.223657 	-3.59475
	0.226332 	-3.60205
	0.229006 	-3.60915
	0.231681 	-3.61705
	0.234356 	-3.62595
	0.237031 	-3.63605
	0.239705 	-3.64735
 	0.24238 	-3.66035
	0.245055 	-3.67525
 	0.24773 	-3.69125
	0.250404 	-3.70825
	0.253079 	-3.72615
	0.255754 	-3.74475
	0.258429 	-3.76375
	0.261104 	-3.78295
	0.263778 	-3.80215
	0.266453 	-3.82075
	0.269128 	-3.83855
	0.271803 	-3.85505
	0.274477 	-3.86965
	0.277152 	-3.88195
	0.279827 	-3.89135
	0.282502 	-3.89735
	0.285176 	-3.89945
	0.285176 	-3.89945
	0.290526 	-3.89045
	0.295875 	-3.86495
	0.301225 	-3.82485
	0.306574 	-3.77325
	0.311924 	-3.71315
	0.317273 	-3.64695
	0.322623 	-3.57655
	0.327972 	-3.50635
	0.333322 	-3.43535
	0.338672 	-3.36385
	0.344021 	-3.29285
	0.349371 	-3.22325
 	0.35472 	-3.15575
 	0.36007 	-3.09095
	0.365419 	-3.02965
	0.370769 	-2.97225
	0.376118 	-2.91925
	0.381468 	-2.87105
	0.386817 	-2.82765
	0.392167 	-2.78925
	0.397516 	-2.75605
	0.402866 	-2.72855
	0.408215 	-2.70715
	0.413565 	-2.69225
	0.418914 	-2.68405
	0.424264 	-2.68255
	0.429613 	-2.68815
	0.434963 	-2.70085
	0.440312 	-2.72095
	0.445662 	-2.74855
	0.451011 	-2.78375
	0.456361 	-2.82655
 	0.46171 	-2.87695
 	0.46706 	-2.93445
	0.472409 	-2.99835
	0.477759 	-3.06655
	0.483108 	-3.13405
	0.488458 	-3.18475
	0.493807 	-3.19975

       	0 	-3.19965
  0.00463745 	-3.18855
  0.00927491 	-3.14905
   0.0139124 	-3.09225
   0.0185498 	-3.03255
   0.0231873 	-2.97575
   0.0278247 	-2.92465
   0.0324622 	-2.88085
   0.0370996 	-2.84535
   0.0417371 	-2.81915
   0.0463745 	-2.80275
	0.051012 	-2.79635
   0.0556494 	-2.79985
   0.0602869 	-2.81275
   0.0649243 	-2.83425
   0.0695618 	-2.86335
   0.0741993 	-2.89885
   0.0788367 	-2.93935
   0.0834742 	-2.98345
   0.0881116 	-3.03005
   0.0927491 	-3.07785
   0.0973865 	-3.12545
	0.102024 	-3.17135
	0.106661 	-3.21105
	0.111299 	-3.21395
	0.115936 	-3.16565
	0.120574 	-3.11005
	0.125211 	-3.05585
	0.129849 	-3.00435
	0.134486 	-2.95625
	0.139124 	-2.91195
	0.143761 	-2.87175
	0.148398 	-2.83575
	0.153036 	-2.80435
	0.157673 	-2.77755
	0.162311 	-2.75565
	0.166948 	-2.73855
	0.171586 	-2.72625
	0.176223 	-2.71895
	0.180861 	-2.71655
	0.180861 	-2.71655
	0.183535 	-2.71425
 	0.18621 	-2.72945
	0.188885 	-2.76005
 	0.19156 	-2.80305
	0.194234 	-2.85535
	0.196909 	-2.91495
	0.199584 	-2.98035
	0.202259 	-3.05065
	0.204934 	-3.12505
	0.207608 	-3.20305
	0.210283 	-3.28415
	0.212958 	-3.36765
	0.215633 	-3.45255
	0.218307 	-3.53405
	0.220982 	-3.58075
	0.223657 	-3.58945
	0.226332 	-3.59675
	0.229006 	-3.60455
	0.231681 	-3.61325
	0.234356 	-3.62315
	0.237031 	-3.63425
	0.239705 	-3.64665
 	0.24238 	-3.65975
	0.245055 	-3.67335
 	0.24773 	-3.68795
	0.250404 	-3.70345
	0.253079 	-3.71975
	0.255754 	-3.73665
	0.258429 	-3.75395
	0.261104 	-3.77135
	0.263778 	-3.78865
	0.266453 	-3.80545
	0.269128 	-3.82145
	0.271803 	-3.83615
	0.274477 	-3.84915
	0.277152 	-3.86005
	0.279827 	-3.86825
	0.282502 	-3.87355
	0.285176 	-3.87545
	0.285176 	-3.87545
	0.290526 	-3.86745
	0.295875 	-3.84475
	0.301225 	-3.80845
	0.306574 	-3.76105
	0.311924 	-3.70505
	0.317273 	-3.64265
	0.322623 	-3.57595
	0.327972 	-3.50375
	0.333322 	-3.42955
	0.338672 	-3.35515
	0.344021 	-3.28145
	0.349371 	-3.20915
 	0.35472 	-3.13905
 	0.36007 	-3.07165
	0.365419 	-3.00775
	0.370769 	-2.94775
	0.376118 	-2.89205
	0.381468 	-2.84125
	0.386817 	-2.79565
	0.392167 	-2.75565
	0.397516 	-2.72185
	0.402866 	-2.69445
	0.408215 	-2.67365
	0.413565 	-2.65965
	0.418914 	-2.65245
	0.424264 	-2.65235
	0.429613 	-2.65955
	0.434963 	-2.67425
	0.440312 	-2.69655
	0.445662 	-2.72665
	0.451011 	-2.76455
	0.456361 	-2.81025
 	0.46171 	-2.86345
 	0.46706 	-2.92375
	0.472409 	-2.99025
	0.477759 	-3.06095
	0.483108 	-3.13075
	0.488458 	-3.18395
	0.493807 	-3.19965

       	0 	-1.75995
  0.00463745 	-1.76095
  0.00927491 	-1.76435
   0.0139124 	-1.76995
   0.0185498 	-1.77835
   0.0231873 	-1.78975
   0.0278247 	-1.80455
   0.0324622 	-1.82345
   0.0370996 	-1.84685
   0.0417371 	-1.87545
   0.0463745 	-1.90955
	0.051012 	-1.94955
   0.0556494 	-1.99575
   0.0602869 	-2.04785
   0.0649243 	-2.10545
   0.0695618 	-2.16775
   0.0741993 	-2.23365
   0.0788367 	-2.30155
   0.0834742 	-2.36995
   0.0881116 	-2.43675
   0.0927491 	-2.50005
   0.0973865 	-2.55785
	0.102024 	-2.60825
	0.106661 	-2.64955
	0.111299 	-2.68045
	0.115936 	-2.69995
	0.120574 	-2.70775
	0.125211 	-2.70405
	0.129849 	-2.68985
	0.134486 	-2.66655
	0.139124 	-2.63595
	0.143761 	-2.60005
	0.148398 	-2.56125
	0.153036 	-2.52175
	0.157673 	-2.48385
	0.162311 	-2.44955
	0.166948 	-2.42075
	0.171586 	-2.39895
	0.176223 	-2.38545
	0.180861 	-2.38085
	0.180861 	-2.38085
	0.183535 	-2.38865
 	0.18621 	-2.38645
	0.188885 	-2.37595
 	0.19156 	-2.36025
	0.194234 	-2.34195
	0.196909 	-2.32295
	0.199584 	-2.30405
	0.202259 	-2.28595
	0.204934 	-2.26885
	0.207608 	-2.25275
	0.210283 	-2.23755
	0.212958 	-2.22325
	0.215633 	-2.20955
	0.218307 	-2.19635
	0.220982 	-2.18345
	0.223657 	-2.17075
	0.226332 	-2.15795
	0.229006 	-2.14485
	0.231681 	-2.13155
	0.234356 	-2.11765
	0.237031 	-2.10325
	0.239705 	-2.08825
 	0.24238 	-2.07255
	0.245055 	-2.05625
 	0.24773 	-2.03925
	0.250404 	-2.02175
	0.253079 	-2.00375
	0.255754 	-1.98545
	0.258429 	-1.96705
	0.261104 	-1.94875
	0.263778 	-1.93075
	0.266453 	-1.91355
	0.269128 	-1.89735
	0.271803 	-1.88255
	0.274477 	-1.86965
	0.277152 	-1.85885
	0.279827 	-1.85075
	0.282502 	-1.84565
	0.285176 	-1.84375
	0.285176 	-1.84375
	0.290526 	-1.85155
	0.295875 	-1.87405
	0.301225 	-1.91025
	0.306574 	-1.95815
	0.311924 	-2.01495
	0.317273 	-2.07765
	0.322623 	-2.14345
	0.327972 	-2.20955
	0.333322 	-2.27395
	0.338672 	-2.33495
	0.344021 	-2.39115
	0.349371 	-2.44165
 	0.35472 	-2.48605
 	0.36007 	-2.52385
	0.365419 	-2.55475
	0.370769 	-2.57785
	0.376118 	-2.59165
	0.381468 	-2.59395
	0.386817 	-2.58225
	0.392167 	-2.55485
	0.397516 	-2.51175
	0.402866 	-2.45485
	0.408215 	-2.38765
	0.413565 	-2.31435
	0.418914 	-2.23885
	0.424264 	-2.16475
	0.429613 	-2.09455
	0.434963 	-2.03045
	0.440312 	-1.97345
	0.445662 	-1.92435
	0.451011 	-1.88295
	0.456361 	-1.84905
 	0.46171 	-1.82195
 	0.46706 	-1.80085
	0.472409 	-1.78495
	0.477759 	-1.77345
	0.483108 	-1.76575
	0.488458 	-1.76135
	0.493807 	-1.75995

       	0 	-1.75985
  0.00463745 	-1.76095
  0.00927491 	-1.76425
   0.0139124 	-1.76995
   0.0185498 	-1.77835
   0.0231873 	-1.78965
   0.0278247 	-1.80455
   0.0324622 	-1.82345
   0.0370996 	-1.84685
   0.0417371 	-1.87535
   0.0463745 	-1.90955
	0.051012 	-1.94955
   0.0556494 	-1.99575
   0.0602869 	-2.04785
   0.0649243 	-2.10545
   0.0695618 	-2.16775
   0.0741993 	-2.23365
   0.0788367 	-2.30155
   0.0834742 	-2.36995
   0.0881116 	-2.43675
   0.0927491 	-2.50005
   0.0973865 	-2.55785
	0.102024 	-2.60825
	0.106661 	-2.64955
	0.111299 	-2.68035
	0.115936 	-2.69985
	0.120574 	-2.70775
	0.125211 	-2.70405
	0.129849 	-2.68985
	0.134486 	-2.66655
	0.139124 	-2.63585
	0.143761 	-2.60005
	0.148398 	-2.56125
	0.153036 	-2.52175
	0.157673 	-2.48385
	0.162311 	-2.44955
	0.166948 	-2.42075
	0.171586 	-2.39895
	0.176223 	-2.38545
	0.180861 	-2.38085
	0.180861 	-2.38085
	0.183535 	-2.36415
 	0.18621 	-2.34175
	0.188885 	-2.31645
 	0.19156 	-2.29045
	0.194234 	-2.26485
	0.196909 	-2.24035
	0.199584 	-2.21735
	0.202259 	-2.19585
	0.204934 	-2.17585
	0.207608 	-2.15725
	0.210283 	-2.13975
	0.212958 	-2.12335
	0.215633 	-2.10775
	0.218307 	-2.09275
	0.220982 	-2.07805
	0.223657 	-2.06355
	0.226332 	-2.04905
	0.229006 	-2.03435
	0.231681 	-2.01925
	0.234356 	-2.00365
	0.237031 	-1.98745
	0.239705 	-1.97055
 	0.24238 	-1.95295
	0.245055 	-1.93465
 	0.24773 	-1.91565
	0.250404 	-1.89595
	0.253079 	-1.87575
	0.255754 	-1.85515
	0.258429 	-1.83445
	0.261104 	-1.81375
	0.263778 	-1.79345
	0.266453 	-1.77385
	0.269128 	-1.75545
	0.271803 	-1.73855
	0.274477 	-1.72375
	0.277152 	-1.71145
	0.279827 	-1.70215
	0.282502 	-1.69625
	0.285176 	-1.69415
	0.285176 	-1.69415
	0.290526 	-1.70305
	0.295875 	-1.72855
	0.301225 	-1.76915
	0.306574 	-1.82235
	0.311924 	-1.88455
	0.317273 	-1.95245
	0.322623 	-2.02295
	0.327972 	-2.09335
	0.333322 	-2.16155
	0.338672 	-2.22575
	0.344021 	-2.28485
	0.349371 	-2.33805
 	0.35472 	-2.38495
 	0.36007 	-2.42545
	0.365419 	-2.45915
	0.370769 	-2.48565
	0.376118 	-2.50375
	0.381468 	-2.51165
	0.386817 	-2.50725
	0.392167 	-2.48855
	0.397516 	-2.45495
	0.402866 	-2.40765
	0.408215 	-2.34945
	0.413565 	-2.28425
	0.418914 	-2.21585
	0.424264 	-2.14755
	0.429613 	-2.08215
	0.434963 	-2.02165
	0.440312 	-1.96755
	0.445662 	-1.92045
	0.451011 	-1.88065
	0.456361 	-1.84775
 	0.46171 	-1.82125
 	0.46706 	-1.80055
	0.472409 	-1.78485
	0.477759 	-1.77345
	0.483108 	-1.76575
	0.488458 	-1.76135
	0.493807 	-1.75985

       	0 	0.963055
  0.00463745 	0.962955
  0.00927491 	0.960155
   0.0139124 	0.949555
   0.0185498 	0.929755
   0.0231873 	0.903055
   0.0278247 	0.872755
   0.0324622 	0.840955
   0.0370996 	0.806255
   0.0417371 	0.759155
   0.0463745 	0.698655
	0.051012 	0.636755
   0.0556494 	0.578955
   0.0602869 	0.527655
   0.0649243 	0.484155
   0.0695618 	0.448955
   0.0741993 	0.422555
   0.0788367 	0.404555
   0.0834742 	0.394855
   0.0881116 	0.392555
   0.0927491 	0.396755
   0.0973865 	0.406155
	0.102024 	0.418055
	0.106661 	0.426955
	0.111299 	0.425255
	0.115936 	0.415555
	0.120574 	0.404755
	0.125211 	0.395555
	0.129849 	0.388855
	0.134486 	0.384655
	0.139124 	0.382855
	0.143761 	0.383155
	0.148398 	0.385155
	0.153036 	0.388255
	0.157673 	0.391955
	0.162311 	0.395855
	0.166948 	0.399455
	0.171586 	0.402355
	0.176223 	0.404155
	0.180861 	0.404755
	0.180861 	0.404755
	0.183535 	0.402855
 	0.18621 	0.401855
	0.188885 	0.401755
 	0.19156 	0.402255
	0.194234 	0.403255
	0.196909 	0.404255
	0.199584 	0.405055
	0.202259 	0.405355
	0.204934 	0.404655
	0.207608 	0.402755
	0.210283 	0.399355
	0.212958 	0.394155
	0.215633 	0.387155
	0.218307 	0.377955
	0.220982 	0.366755
	0.223657 	0.353355
	0.226332 	0.337855
	0.229006 	0.320455
	0.231681 	0.301055
	0.234356 	0.279955
	0.237031 	0.257155
	0.239705 	0.233055
 	0.24238 	0.207655
	0.245055 	0.181255
 	0.24773 	0.154155
	0.250404 	0.126455
	0.253079	0.0985546
	0.255754	0.0706546
	0.258429	0.0431546
	0.261104	0.0164546
	0.263778  -0.00924544
	0.266453   -0.0333454
	0.269128   -0.0555454
	0.271803   -0.0754454
	0.274477   -0.0925454
	0.277152	-0.107045
	0.279827	-0.118845
	0.282502	-0.126245
	0.285176	-0.128845
	0.285176	-0.128845
	0.290526	-0.118145
	0.295875   -0.0893454
	0.301225   -0.0468454
	0.306574   0.00835456
	0.311924	0.0722546
	0.317273 	0.140655
	0.322623 	0.209255
	0.327972 	0.273855
	0.333322 	0.330555
	0.338672 	0.375255
	0.344021 	0.403255
	0.349371 	0.390155
 	0.35472 	0.346755
 	0.36007 	0.290855
	0.365419 	0.235455
	0.370769 	0.188355
	0.376118 	0.153855
	0.381468 	0.134155
	0.386817 	0.129655
	0.392167 	0.139755
	0.397516 	0.162855
	0.402866 	0.197155
	0.408215 	0.240455
	0.413565 	0.290555
	0.418914 	0.346055
	0.424264 	0.405855
	0.429613 	0.469755
	0.434963 	0.535155
	0.440312 	0.600755
	0.445662 	0.670455
	0.451011 	0.739455
	0.456361 	0.783755
 	0.46171 	0.824755
 	0.46706 	0.866055
	0.472409 	0.904255
	0.477759 	0.935655
	0.483108 	0.955455
	0.488458 	0.962455
	0.493807 	0.963055

       	0 	0.963155
  0.00463745 	0.963055
  0.00927491 	0.960255
   0.0139124 	0.949655
   0.0185498 	0.929755
   0.0231873 	0.903155
   0.0278247 	0.872855
   0.0324622 	0.840955
   0.0370996 	0.806355
   0.0417371 	0.759255
   0.0463745 	0.698655
	0.051012 	0.636755
   0.0556494 	0.579055
   0.0602869 	0.527755
   0.0649243 	0.484155
   0.0695618 	0.449055
   0.0741993 	0.422555
   0.0788367 	0.404655
   0.0834742 	0.394855
   0.0881116 	0.392555
   0.0927491 	0.396755
   0.0973865 	0.406155
	0.102024 	0.418155
	0.106661 	0.426955
	0.111299 	0.425255
	0.115936 	0.415655
	0.120574 	0.404755
	0.125211 	0.395555
	0.129849 	0.388855
	0.134486 	0.384655
	0.139124 	0.382955
	0.143761 	0.383255
	0.148398 	0.385155
	0.153036 	0.388255
	0.157673 	0.392055
	0.162311 	0.395955
	0.166948 	0.399455
	0.171586 	0.402355
	0.176223 	0.404155
	0.180861 	0.404855
	0.180861 	0.404855
	0.183535 	0.407855
 	0.18621 	0.411855
	0.188885 	0.416855
 	0.19156 	0.422555
	0.194234 	0.428755
	0.196909 	0.435155
	0.199584 	0.441255
	0.202259 	0.446555
	0.204934 	0.450555
	0.207608 	0.452755
	0.210283 	0.452655
	0.212958 	0.449955
	0.215633 	0.444355
	0.218307 	0.435755
	0.220982 	0.424155
	0.223657 	0.409655
	0.226332 	0.392555
	0.229006 	0.372955
	0.231681 	0.351055
	0.234356 	0.327055
	0.237031 	0.301355
	0.239705 	0.274055
 	0.24238 	0.245455
	0.245055 	0.215755
 	0.24773 	0.185355
	0.250404 	0.154355
	0.253079 	0.123055
	0.255754	0.0919546
	0.258429	0.0612546
	0.261104	0.0312546
	0.263778   0.00255456
	0.266453   -0.0245454
	0.269128   -0.0495454
	0.271803   -0.0719454
	0.274477   -0.0913454
	0.277152	-0.106545
	0.279827	-0.116845
	0.282502	-0.123345
	0.285176	-0.125645
	0.285176	-0.125645
	0.290526	-0.116245
	0.295875   -0.0879454
	0.301225   -0.0405454
	0.306574	0.0202546
	0.311924	0.0897546
	0.317273 	0.162955
	0.322623 	0.235155
	0.327972 	0.301555
	0.333322 	0.356755
	0.338672 	0.394655
	0.344021 	0.407655
	0.349371 	0.410155
 	0.35472 	0.393555
 	0.36007 	0.357855
	0.365419 	0.313655
	0.370769 	0.271055
	0.376118 	0.236855
	0.381468 	0.214555
	0.386817 	0.205555
	0.392167 	0.209755
	0.397516 	0.225655
	0.402866 	0.251655
	0.408215 	0.285455
	0.413565 	0.325455
	0.418914 	0.370455
	0.424264 	0.420155
	0.429613 	0.474855
	0.434963 	0.537955
	0.440312 	0.610455
	0.445662 	0.685855
	0.451011 	0.744255
	0.456361 	0.798455
 	0.46171 	0.845455
 	0.46706 	0.886055
	0.472409 	0.920855
	0.477759 	0.946855
	0.483108 	0.960455
	0.488458 	0.963255
	0.493807 	0.963155

       	0  	1.04165
  0.00463745  	1.04155
  0.00927491  	1.04385
   0.0139124  	1.05355
   0.0185498  	1.06855
   0.0231873  	1.05065
   0.0278247 	0.993055
   0.0324622 	0.928055
   0.0370996 	0.865555
   0.0417371 	0.820255
   0.0463745 	0.797655
	0.051012 	0.788855
   0.0556494 	0.790755
   0.0602869 	0.800455
   0.0649243 	0.794455
   0.0695618 	0.756955
   0.0741993 	0.715255
   0.0788367 	0.674255
   0.0834742 	0.634955
   0.0881116 	0.598255
   0.0927491 	0.564755
   0.0973865 	0.535455
	0.102024 	0.512355
	0.106661 	0.500855
	0.111299 	0.507655
	0.115936 	0.529355
	0.120574 	0.558755
	0.125211 	0.592255
	0.129849 	0.628155
	0.134486 	0.665355
	0.139124 	0.703255
	0.143761 	0.740855
	0.148398 	0.777355
	0.153036 	0.812055
	0.157673 	0.843955
	0.162311 	0.871955
	0.166948 	0.895155
	0.171586 	0.912655
	0.176223 	0.923455
	0.180861 	0.927055
	0.180861 	0.927055
	0.183535 	0.921855
 	0.18621 	0.917155
	0.188885 	0.913255
 	0.19156 	0.910055
	0.194234 	0.907955
	0.196909 	0.907055
	0.199584 	0.907655
	0.202259 	0.910155
	0.204934 	0.914955
	0.207608 	0.922255
	0.210283 	0.932455
	0.212958 	0.945755
	0.215633 	0.962155
	0.218307 	0.981755
	0.220982  	1.00415
	0.223657  	1.02925
	0.226332  	1.05665
	0.229006  	1.08605
	0.231681  	1.11715
	0.234356  	1.14945
	0.237031  	1.18255
	0.239705  	1.21625
 	0.24238  	1.24985
	0.245055  	1.28295
 	0.24773  	1.31445
	0.250404  	1.34285
	0.253079  	1.36445
	0.255754  	1.37405
	0.258429  	1.36755
	0.261104  	1.34675
	0.263778  	1.32855
	0.266453  	1.31275
	0.269128  	1.29945
	0.271803  	1.28855
	0.274477  	1.27985
	0.277152  	1.27335
	0.279827  	1.26895
	0.282502  	1.26635
	0.285176  	1.26545
	0.285176  	1.26545
	0.290526  	1.26855
	0.295875  	1.27635
	0.301225  	1.28725
	0.306574  	1.29965
	0.311924  	1.31185
	0.317273  	1.27855
	0.322623  	1.19865
	0.327972  	1.09985
	0.333322 	0.998655
	0.338672 	0.904955
	0.344021 	0.828855
	0.349371 	0.778555
 	0.35472 	0.752455
 	0.36007 	0.740155
	0.365419 	0.727055
	0.370769 	0.709955
	0.376118 	0.695155
	0.381468 	0.681355
	0.386817 	0.669055
	0.392167 	0.659155
	0.397516 	0.653555
	0.402866 	0.653655
	0.408215 	0.660655
	0.413565 	0.673855
	0.418914 	0.669955
	0.424264 	0.664655
	0.429613 	0.665255
	0.434963 	0.674055
	0.440312 	0.691555
	0.445662 	0.718355
	0.451011 	0.772555
	0.456361 	0.852555
 	0.46171 	0.932955
 	0.46706  	1.00815
	0.472409  	1.06475
	0.477759  	1.05755
	0.483108  	1.04395
	0.488458  	1.04135
	0.493807  	1.04165

       	0  	1.04175
  0.00463745  	1.04165
  0.00927491  	1.04395
   0.0139124  	1.05355
   0.0185498  	1.06855
   0.0231873  	1.05065
   0.0278247 	0.993155
   0.0324622 	0.928155
   0.0370996 	0.865555
   0.0417371 	0.820255
   0.0463745 	0.797655
	0.051012 	0.788855
   0.0556494 	0.790755
   0.0602869 	0.800455
   0.0649243 	0.794455
   0.0695618 	0.756955
   0.0741993 	0.715255
   0.0788367 	0.674255
   0.0834742 	0.635055
   0.0881116 	0.598255
   0.0927491 	0.564755
   0.0973865 	0.535455
	0.102024 	0.512455
	0.106661 	0.500855
	0.111299 	0.507655
	0.115936 	0.529455
	0.120574 	0.558855
	0.125211 	0.592255
	0.129849 	0.628155
	0.134486 	0.665455
	0.139124 	0.703255
	0.143761 	0.740855
	0.148398 	0.777455
	0.153036 	0.812055
	0.157673 	0.843955
	0.162311 	0.872055
	0.166948 	0.895255
	0.171586 	0.912655
	0.176223 	0.923455
	0.180861 	0.927155
	0.180861 	0.927155
	0.183535 	0.933055
 	0.18621 	0.939555
	0.188885 	0.946855
 	0.19156 	0.954955
	0.194234 	0.963955
	0.196909 	0.974255
	0.199584 	0.985755
	0.202259 	0.998855
	0.204934  	1.01355
	0.207608  	1.03015
	0.210283  	1.04865
	0.212958  	1.06925
	0.215633  	1.09185
	0.218307  	1.11645
	0.220982  	1.14295
	0.223657  	1.17125
	0.226332  	1.20115
	0.229006  	1.23255
	0.231681  	1.26505
	0.234356  	1.29865
	0.237031  	1.33285
	0.239705  	1.36745
 	0.24238  	1.40195
	0.245055  	1.43475
 	0.24773  	1.45655
	0.250404  	1.44205
	0.253079  	1.41605
	0.255754  	1.39065
	0.258429  	1.37055
	0.261104  	1.35985
	0.263778  	1.34735
	0.266453  	1.33515
	0.269128  	1.32435
	0.271803  	1.31515
	0.274477  	1.30785
	0.277152  	1.30235
	0.279827  	1.29845
	0.282502  	1.29625
	0.285176  	1.29555
	0.285176  	1.29555
	0.290526  	1.29805
	0.295875  	1.30405
	0.301225  	1.31125
	0.306574  	1.31675
	0.311924  	1.31325
	0.317273  	1.32195
	0.322623  	1.32825
	0.327972  	1.24225
	0.333322  	1.13005
	0.338672  	1.02215
	0.344021 	0.924855
	0.349371 	0.844955
 	0.35472 	0.787255
 	0.36007 	0.750455
	0.365419 	0.732255
	0.370769 	0.723855
	0.376118 	0.713755
	0.381468 	0.702055
	0.386817 	0.690055
	0.392167 	0.679455
	0.397516 	0.671855
	0.402866 	0.668855
	0.408215 	0.670755
	0.413565 	0.674055
	0.418914 	0.690455
	0.424264 	0.703255
	0.429613 	0.712855
	0.434963 	0.725255
	0.440312 	0.744055
	0.445662 	0.771255
	0.451011 	0.809855
	0.456361 	0.865755
 	0.46171 	0.936455
 	0.46706  	1.00985
	0.472409  	1.06955
	0.477759  	1.06395
	0.483108  	1.04795
	0.488458  	1.04195
	0.493807  	1.04175

       	0  	1.23375
  0.00463745  	1.22615
  0.00927491  	1.20425
   0.0139124  	1.16995
   0.0185498  	1.12895
   0.0231873  	1.11775
   0.0278247  	1.12195
   0.0324622  	1.09685
   0.0370996  	1.06275
   0.0417371  	1.02465
   0.0463745 	0.983955
	0.051012 	0.941555
   0.0556494 	0.898655
   0.0602869 	0.858155
   0.0649243 	0.844055
   0.0695618 	0.872055
   0.0741993 	0.914755
   0.0788367 	0.966755
   0.0834742  	1.02645
   0.0881116  	1.09245
   0.0927491  	1.16345
   0.0973865  	1.23805
	0.102024  	1.31515
	0.106661  	1.39345
	0.111299  	1.47185
	0.115936  	1.54925
	0.120574  	1.62465
	0.125211  	1.69705
	0.129849  	1.76575
	0.134486  	1.82995
	0.139124  	1.88895
	0.143761  	1.94235
	0.148398  	1.98965
	0.153036  	2.03085
	0.157673  	2.06555
	0.162311  	2.09395
	0.166948  	2.11585
	0.171586  	2.13145
	0.176223  	2.14085
	0.180861  	2.14395
	0.180861  	2.14395
	0.183535  	2.14265
 	0.18621  	2.14385
	0.188885  	2.14745
 	0.19156  	2.15315
	0.194234  	2.16025
	0.196909  	2.16795
	0.199584  	2.17435
	0.202259  	2.17595
	0.204934  	2.16795
	0.207608  	2.14685
	0.210283  	2.11415
	0.212958  	2.07395
	0.215633  	2.02725
	0.218307  	1.97535
	0.220982  	1.92345
	0.223657  	1.87195
	0.226332  	1.82145
	0.229006  	1.77215
	0.231681  	1.72445
	0.234356  	1.67865
	0.237031  	1.63495
	0.239705  	1.59365
 	0.24238  	1.55515
	0.245055  	1.52085
 	0.24773  	1.49995
	0.250404  	1.49965
	0.253079  	1.48415
	0.255754  	1.48235
	0.258429  	1.49505
	0.261104  	1.51595
	0.263778  	1.53945
	0.266453  	1.56275
	0.269128  	1.58475
	0.271803  	1.60455
	0.274477  	1.62155
	0.277152  	1.63545
	0.279827  	1.64575
	0.282502  	1.65215
	0.285176  	1.65445
	0.285176  	1.65445
	0.290526  	1.64485
	0.295875  	1.61695
	0.301225  	1.57125
	0.306574  	1.51025
	0.311924  	1.44155
	0.317273  	1.38855
	0.322623  	1.35395
	0.327972  	1.32975
	0.333322  	1.32455
	0.338672  	1.31215
	0.344021  	1.28925
	0.349371  	1.25325
 	0.35472  	1.21095
 	0.36007  	1.16355
	0.365419  	1.11235
	0.370769  	1.05875
	0.376118  	1.00435
	0.381468 	0.950555
	0.386817 	0.898555
	0.392167 	0.849755
	0.397516 	0.805555
	0.402866 	0.767255
	0.408215 	0.737355
	0.413565 	0.721955
	0.418914 	0.730955
	0.424264 	0.758855
	0.429613 	0.797755
	0.434963 	0.843855
	0.440312 	0.893955
	0.445662 	0.945555
	0.451011 	0.996355
	0.456361  	1.04435
 	0.46171  	1.08735
 	0.46706  	1.12035
	0.472409  	1.10375
	0.477759  	1.14645
	0.483108  	1.19245
	0.488458  	1.22265
	0.493807  	1.23375

       	0  	1.23385
  0.00463745  	1.22615
  0.00927491  	1.20435
   0.0139124  	1.16995
   0.0185498  	1.12895
   0.0231873  	1.11785
   0.0278247  	1.12195
   0.0324622  	1.09685
   0.0370996  	1.06275
   0.0417371  	1.02465
   0.0463745 	0.983955
	0.051012 	0.941555
   0.0556494 	0.898655
   0.0602869 	0.858255
   0.0649243 	0.844055
   0.0695618 	0.872055
   0.0741993 	0.914755
   0.0788367 	0.966855
   0.0834742  	1.02655
   0.0881116  	1.09255
   0.0927491  	1.16345
   0.0973865  	1.23815
	0.102024  	1.31515
	0.106661  	1.39345
	0.111299  	1.47185
	0.115936  	1.54925
	0.120574  	1.62465
	0.125211  	1.69715
	0.129849  	1.76585
	0.134486  	1.82995
	0.139124  	1.88895
	0.143761  	1.94235
	0.148398  	1.98975
	0.153036  	2.03085
	0.157673  	2.06565
	0.162311  	2.09395
	0.166948  	2.11585
	0.171586  	2.13155
	0.176223  	2.14085
	0.180861  	2.14395
	0.180861  	2.14395
	0.183535  	2.14795
 	0.18621  	2.15455
	0.188885  	2.16385
 	0.19156  	2.17565
	0.194234  	2.18965
	0.196909  	2.20535
	0.199584  	2.22085
	0.202259  	2.22925
	0.204934  	2.21325
	0.207608  	2.17495
	0.210283  	2.12835
	0.212958  	2.07855
	0.215633  	2.02945
	0.218307  	1.98265
	0.220982  	1.93475
	0.223657  	1.88675
	0.226332  	1.83915
	0.229006  	1.79245
	0.231681  	1.74715
	0.234356  	1.70365
	0.237031  	1.66215
	0.239705  	1.62295
 	0.24238  	1.58645
	0.245055  	1.55315
 	0.24773  	1.52375
	0.250404  	1.51765
	0.253079  	1.54875
	0.255754  	1.58085
	0.258429  	1.61235
	0.261104  	1.64245
	0.263778  	1.67085
	0.266453  	1.69715
	0.269128  	1.72105
	0.271803  	1.74215
	0.274477  	1.76005
	0.277152  	1.77465
	0.279827  	1.78535
	0.282502  	1.79215
	0.285176  	1.79455
	0.285176  	1.79455
	0.290526  	1.78445
	0.295875  	1.75505
	0.301225  	1.70635
	0.306574  	1.63935
	0.311924  	1.55615
	0.317273  	1.45975
	0.322623  	1.36745
	0.327972  	1.35525
	0.333322  	1.33985
	0.338672  	1.31815
	0.344021  	1.29225
	0.349371  	1.26485
 	0.35472  	1.23065
 	0.36007  	1.19075
	0.365419  	1.14635
	0.370769  	1.09885
	0.376118  	1.04975
	0.381468  	1.00065
	0.386817 	0.952755
	0.392167 	0.907455
	0.397516 	0.866155
	0.402866 	0.830155
	0.408215 	0.801155
	0.413565 	0.781555
	0.418914 	0.776255
	0.424264 	0.791255
	0.429613 	0.825155
	0.434963 	0.869955
	0.440312 	0.919655
	0.445662 	0.970755
	0.451011  	1.02055
	0.456361  	1.06725
 	0.46171  	1.10895
 	0.46706  	1.13075
	0.472409  	1.12645
	0.477759  	1.15685
	0.483108  	1.19815
	0.488458  	1.22535
	0.493807  	1.23385

       	0  	1.23395
  0.00463745  	1.23135
  0.00927491  	1.22315
   0.0139124  	1.20975
   0.0185498  	1.19195
   0.0231873  	1.17305
   0.0278247  	1.17555
   0.0324622  	1.21415
   0.0370996  	1.26475
   0.0417371  	1.32115
   0.0463745  	1.38145
	0.051012  	1.44455
   0.0556494  	1.50935
   0.0602869  	1.57505
   0.0649243  	1.64105
   0.0695618  	1.70655
   0.0741993  	1.77105
   0.0788367  	1.83395
   0.0834742  	1.89485
   0.0881116  	1.95335
   0.0927491  	2.00925
   0.0973865  	2.06225
	0.102024  	2.11205
	0.106661  	2.15875
	0.111299  	2.20225
	0.115936  	2.24235
	0.120574  	2.27915
	0.125211  	2.31285
	0.129849  	2.34325
	0.134486  	2.37055
	0.139124  	2.39495
	0.143761  	2.41635
	0.148398  	2.43495
	0.153036  	2.45085
	0.157673  	2.46415
	0.162311  	2.47485
	0.166948  	2.48325
	0.171586  	2.48905
	0.176223  	2.49265
	0.180861  	2.49375
	0.180861  	2.49375
	0.183535  	2.48835
 	0.18621  	2.47645
	0.188885  	2.45835
 	0.19156  	2.43455
	0.194234  	2.40575
	0.196909  	2.37295
	0.199584  	2.33855
	0.202259  	2.31005
	0.204934  	2.30515
	0.207608  	2.32235
	0.210283  	2.34795
	0.212958  	2.36805
	0.215633  	2.39165
	0.218307  	2.41865
	0.220982  	2.44815
	0.223657  	2.47945
	0.226332  	2.51215
	0.229006  	2.54565
	0.231681  	2.57975
	0.234356  	2.61405
	0.237031  	2.64825
	0.239705  	2.68225
 	0.24238  	2.71555
	0.245055  	2.74805
 	0.24773  	2.77945
	0.250404  	2.80955
	0.253079  	2.83805
	0.255754  	2.86485
	0.258429  	2.88975
	0.261104  	2.91265
	0.263778  	2.93325
	0.266453  	2.95165
	0.269128  	2.96765
	0.271803  	2.98115
	0.274477  	2.99215
	0.277152  	3.00075
	0.279827  	3.00675
	0.282502  	3.01045
	0.285176  	3.01165
	0.285176  	3.01165
	0.290526  	3.00685
	0.295875  	2.99395
	0.301225  	2.97425
	0.306574  	2.94905
	0.311924  	2.92005
	0.317273  	2.88875
	0.322623  	2.85665
	0.327972  	2.82495
	0.333322  	2.79445
	0.338672  	2.76535
	0.344021  	2.73745
	0.349371  	2.70975
 	0.35472  	2.68115
 	0.36007  	2.64515
	0.365419  	2.60225
	0.370769  	2.55505
	0.376118  	2.50255
	0.381468  	2.44395
	0.386817  	2.37895
	0.392167  	2.30755
	0.397516  	2.23005
	0.402866  	2.14695
	0.408215  	2.05925
	0.413565  	1.96785
	0.418914  	1.87395
	0.424264  	1.77875
	0.429613  	1.68375
	0.434963  	1.59015
	0.440312  	1.49965
	0.445662  	1.41335
	0.451011  	1.33295
	0.456361  	1.25975
 	0.46171  	1.19575
 	0.46706  	1.15665
	0.472409  	1.17765
	0.477759  	1.19825
	0.483108  	1.21665
	0.488458  	1.22885
	0.493807  	1.23395

       	0  	1.23395
  0.00463745  	1.23135
  0.00927491  	1.22315
   0.0139124  	1.20975
   0.0185498  	1.19195
   0.0231873  	1.17315
   0.0278247  	1.17555
   0.0324622  	1.21425
   0.0370996  	1.26485
   0.0417371  	1.32115
   0.0463745  	1.38145
	0.051012  	1.44455
   0.0556494  	1.50935
   0.0602869  	1.57515
   0.0649243  	1.64115
   0.0695618  	1.70665
   0.0741993  	1.77105
   0.0788367  	1.83395
   0.0834742  	1.89485
   0.0881116  	1.95345
   0.0927491  	2.00925
   0.0973865  	2.06225
	0.102024  	2.11215
	0.106661  	2.15885
	0.111299  	2.20225
	0.115936  	2.24235
	0.120574  	2.27925
	0.125211  	2.31285
	0.129849  	2.34325
	0.134486  	2.37065
	0.139124  	2.39495
	0.143761  	2.41635
	0.148398  	2.43495
	0.153036  	2.45085
	0.157673  	2.46415
	0.162311  	2.47495
	0.166948  	2.48325
	0.171586  	2.48915
	0.176223  	2.49265
	0.180861  	2.49385
	0.180861  	2.49385
	0.183535  	2.49275
 	0.18621  	2.48545
	0.188885  	2.47215
 	0.19156  	2.45345
	0.194234  	2.43045
	0.196909  	2.40455
	0.199584  	2.37815
	0.202259  	2.35515
	0.204934  	2.34095
	0.207608  	2.33955
	0.210283  	2.34975
	0.212958  	2.37735
	0.215633  	2.40915
	0.218307  	2.44285
	0.220982  	2.47785
	0.223657  	2.51395
	0.226332  	2.55085
	0.229006  	2.58835
	0.231681  	2.62605
	0.234356  	2.66375
	0.237031  	2.70115
	0.239705  	2.73805
 	0.24238  	2.77415
	0.245055  	2.80925
 	0.24773  	2.84305
	0.250404  	2.87545
	0.253079  	2.90605
	0.255754  	2.93485
	0.258429  	2.96155
	0.261104  	2.98605
	0.263778  	3.00825
	0.266453  	3.02795
	0.269128  	3.04505
	0.271803  	3.05965
	0.274477  	3.07145
	0.277152  	3.08065
	0.279827  	3.08725
	0.282502  	3.09115
	0.285176  	3.09245
	0.285176  	3.09245
	0.290526  	3.08725
	0.295875  	3.07315
	0.301225  	3.05115
	0.306574  	3.02285
	0.311924  	2.98965
	0.317273  	2.95295
	0.322623  	2.91435
	0.327972  	2.87505
	0.333322  	2.83605
	0.338672  	2.79775
	0.344021  	2.76015
	0.349371  	2.72285
 	0.35472  	2.68495
 	0.36007  	2.65015
	0.365419  	2.61535
	0.370769  	2.57535
	0.376118  	2.52915
	0.381468  	2.47605
	0.386817  	2.41565
	0.392167  	2.34815
	0.397516  	2.27375
	0.402866  	2.19325
	0.408215  	2.10735
	0.413565  	2.01725
	0.418914  	1.92415
	0.424264  	1.82925
	0.429613  	1.73395
	0.434963  	1.63975
	0.440312  	1.54795
	0.445662  	1.46005
	0.451011  	1.37745
	0.456361  	1.30195
 	0.46171  	1.23565
 	0.46706  	1.18515
	0.472409  	1.18095
	0.477759  	1.20465
	0.483108  	1.22165
	0.488458  	1.23145
	0.493807  	1.23395

       	0  	3.64175
  0.00463745  	3.64675
  0.00927491  	3.66135
   0.0139124  	3.68485
   0.0185498  	3.71635
   0.0231873  	3.75465
   0.0278247  	3.79905
   0.0324622  	3.84865
   0.0370996  	3.90315
   0.0417371  	3.96225
   0.0463745  	4.02565
	0.051012  	4.09345
   0.0556494  	4.16535
   0.0602869  	4.24145
   0.0649243  	4.32165
   0.0695618  	4.40575
   0.0741993  	4.49365
   0.0788367  	4.58495
   0.0834742  	4.67955
   0.0881116  	4.77685
   0.0927491  	4.87655
   0.0973865  	4.97785
	0.102024  	5.07995
	0.106661  	5.18155
	0.111299  	5.28065
	0.115936  	5.37405
	0.120574  	5.45445
	0.125211  	5.50435
	0.129849  	5.49015
	0.134486  	5.39905
	0.139124  	5.26575
	0.143761  	5.12015
	0.148398  	4.97615
	0.153036  	4.84085
	0.157673  	4.71895
	0.162311  	4.61395
	0.166948  	4.52895
	0.171586  	4.46635
	0.176223  	4.42795
	0.180861  	4.41505
	0.180861  	4.41505
	0.183535  	4.41545
 	0.18621  	4.41855
	0.188885  	4.42425
 	0.19156  	4.43255
	0.194234  	4.44325
	0.196909  	4.45635
	0.199584  	4.47165
	0.202259  	4.48905
	0.204934  	4.50835
	0.207608  	4.52945
	0.210283  	4.55215
	0.212958  	4.57645
	0.215633  	4.60215
	0.218307  	4.62915
	0.220982  	4.65735
	0.223657  	4.68665
	0.226332  	4.71715
	0.229006  	4.74855
	0.231681  	4.78095
	0.234356  	4.81415
	0.237031  	4.84825
	0.239705  	4.88315
 	0.24238  	4.91875
	0.245055  	4.95505
 	0.24773  	4.99195
	0.250404  	5.02935
	0.253079  	5.06715
	0.255754  	5.10525
	0.258429  	5.14335
	0.261104  	5.18135
	0.263778  	5.21895
	0.266453  	5.25565
	0.269128  	5.29085
	0.271803  	5.32395
	0.274477  	5.35375
	0.277152  	5.37885
	0.279827  	5.39785
	0.282502  	5.40945
	0.285176  	5.41335
	0.285176  	5.41335
	0.290526  	5.40245
	0.295875  	5.38545
	0.301225  	5.37775
	0.306574  	5.38695
	0.311924  	5.41555
	0.317273  	5.46295
	0.322623  	5.52725
	0.327972  	5.60585
	0.333322  	5.69545
	0.338672  	5.79105
	0.344021  	5.88405
	0.349371  	5.94705
 	0.35472  	5.96615
 	0.36007  	5.92205
	0.365419  	5.82665
	0.370769  	5.70355
	0.376118  	5.56805
	0.381468  	5.42795
	0.386817  	5.28775
	0.392167  	5.14975
	0.397516  	5.01545
	0.402866  	4.88565
	0.408215  	4.76105
	0.413565  	4.64195
	0.418914  	4.52875
	0.424264  	4.42155
	0.429613  	4.32055
	0.434963  	4.22575
	0.440312  	4.13715
	0.445662  	4.05475
	0.451011  	3.97865
	0.456361  	3.90875
 	0.46171  	3.84525
 	0.46706  	3.78855
	0.472409  	3.73925
	0.477759  	3.69845
	0.483108  	3.66765
	0.488458  	3.64835
	0.493807  	3.64175

       	0  	3.66035
  0.00463745  	3.66545
  0.00927491  	3.68035
   0.0139124  	3.70425
   0.0185498  	3.73625
   0.0231873  	3.77515
   0.0278247  	3.82005
   0.0324622  	3.87015
   0.0370996  	3.92505
   0.0417371  	3.98435
   0.0463745  	4.04795
	0.051012  	4.11575
   0.0556494  	4.18765
   0.0602869  	4.26345
   0.0649243  	4.34325
   0.0695618  	4.42685
   0.0741993  	4.51405
   0.0788367  	4.60465
   0.0834742  	4.69825
   0.0881116  	4.79465
   0.0927491  	4.89315
   0.0973865  	4.99325
	0.102024  	5.09395
	0.106661  	5.19415
	0.111299  	5.29185
	0.115936  	5.38355
	0.120574  	5.46215
	0.125211  	5.50985
	0.129849  	5.49315
	0.134486  	5.40025
	0.139124  	5.26635
	0.143761  	5.12055
	0.148398  	4.97635
	0.153036  	4.84105
	0.157673  	4.71905
	0.162311  	4.61405
	0.166948  	4.52905
	0.171586  	4.46645
	0.176223  	4.42805
	0.180861  	4.41515
	0.180861  	4.41515
	0.183535  	4.41735
 	0.18621  	4.42235
	0.188885  	4.42985
 	0.19156  	4.43995
	0.194234  	4.45245
	0.196909  	4.46725
	0.199584  	4.48435
	0.202259  	4.50335
	0.204934  	4.52435
	0.207608  	4.54705
	0.210283  	4.57135
	0.212958  	4.59715
	0.215633  	4.62435
	0.218307  	4.65295
	0.220982  	4.68275
	0.223657  	4.71365
	0.226332  	4.74565
	0.229006  	4.77875
	0.231681  	4.81285
	0.234356  	4.84785
	0.237031  	4.88385
	0.239705  	4.92075
 	0.24238  	4.95855
	0.245055  	4.99715
 	0.24773  	5.03655
	0.250404  	5.07665
	0.253079  	5.11745
	0.255754  	5.15875
	0.258429  	5.20055
	0.261104  	5.24275
	0.263778  	5.28495
	0.266453  	5.32695
	0.269128  	5.36825
	0.271803  	5.40825
	0.274477  	5.44595
	0.277152  	5.47975
	0.279827  	5.50705
	0.282502  	5.52505
	0.285176  	5.53145
	0.285176  	5.53145
	0.290526  	5.51265
	0.295875  	5.48185
	0.301225  	5.46135
	0.306574  	5.45945
	0.311924  	5.47785
	0.317273  	5.51575
	0.322623  	5.57055
	0.327972  	5.63945
	0.333322  	5.71865
	0.338672  	5.80285
	0.344021  	5.88535
	0.349371  	5.96225
 	0.35472  	5.99115
 	0.36007  	5.94595
	0.365419  	5.84475
	0.370769  	5.71735
	0.376118  	5.57995
	0.381468  	5.44005
	0.386817  	5.30075
	0.392167  	5.16405
	0.397516  	5.03105
	0.402866  	4.90255
	0.408215  	4.77905
	0.413565  	4.66095
	0.418914  	4.54855
	0.424264  	4.44215
	0.429613  	4.34165
	0.434963  	4.24715
	0.440312  	4.15885
	0.445662  	4.07655
	0.451011  	4.00035
	0.456361  	3.93025
 	0.46171  	3.86645
 	0.46706  	3.80925
	0.472409  	3.75935
	0.477759  	3.71805
	0.483108  	3.68675
	0.488458  	3.66715
	0.493807  	3.66035

       	0  	3.87595
  0.00463745  	3.87925
  0.00927491  	3.88895
   0.0139124  	3.90505
   0.0185498  	3.92755
   0.0231873  	3.95635
   0.0278247  	3.99145
   0.0324622  	4.03265
   0.0370996  	4.07995
   0.0417371  	4.13315
   0.0463745  	4.19235
	0.051012  	4.25725
   0.0556494  	4.32785
   0.0602869  	4.40395
   0.0649243  	4.48545
   0.0695618  	4.57215
   0.0741993  	4.66385
   0.0788367  	4.76025
   0.0834742  	4.86105
   0.0881116  	4.96595
   0.0927491  	5.07435
   0.0973865  	5.18575
	0.102024  	5.29925
	0.106661  	5.41395
	0.111299  	5.52835
	0.115936  	5.64065
	0.120574  	5.74835
	0.125211  	5.84785
	0.129849  	5.93505
	0.134486  	5.97535
	0.139124  	6.03075
	0.143761  	6.09065
	0.148398  	6.12435
	0.153036  	6.14625
	0.157673  	6.16295
	0.162311  	6.17665
	0.166948  	6.18795
	0.171586  	6.19675
	0.176223  	6.20255
	0.180861  	6.20425
	0.180861  	6.20425
	0.183535  	6.20955
 	0.18621  	6.22615
	0.188885  	6.25395
 	0.19156  	6.29185
	0.194234  	6.34035
	0.196909  	6.39835
	0.199584  	6.46565
	0.202259  	6.54745
	0.204934  	6.62415
	0.207608  	6.71445
	0.210283  	6.81005
	0.212958  	6.91295
	0.215633  	7.01295
	0.218307  	7.08685
	0.220982  	7.16805
	0.223657  	7.24505
	0.226332  	7.32015
	0.229006  	7.37095
	0.231681  	7.38835
	0.234356  	7.35505
	0.237031  	7.27685
	0.239705  	7.18335
 	0.24238  	7.08325
	0.245055  	6.98005
 	0.24773  	6.87605
	0.250404  	6.77305
	0.253079  	6.67175
	0.255754  	6.57305
	0.258429  	6.47745
	0.261104  	6.38585
	0.263778  	6.29885
	0.266453  	6.21725
	0.269128  	6.14185
	0.271803  	6.07395
	0.274477  	6.01505
	0.277152  	5.96655
	0.279827  	5.93055
	0.282502  	5.90835
	0.285176  	5.90075
	0.285176  	5.90075
	0.290526  	5.92705
	0.295875  	5.98855
	0.301225  	6.06995
	0.306574  	6.16245
	0.311924  	6.26105
	0.317273  	6.36165
	0.322623  	6.45915
	0.327972  	6.54485
	0.333322  	6.60445
	0.338672  	6.62075
	0.344021  	6.58985
	0.349371  	6.53525
 	0.35472  	6.39495
 	0.36007  	6.23335
	0.365419  	6.07285
	0.370769  	5.91445
	0.376118  	5.75895
	0.381468  	5.60695
	0.386817  	5.45905
	0.392167  	5.31575
	0.397516  	5.17745
	0.402866  	5.04465
	0.408215  	4.91765
	0.413565  	4.79675
	0.418914  	4.68245
	0.424264  	4.57485
	0.429613  	4.47435
	0.434963  	4.38105
	0.440312  	4.29515
	0.445662  	4.21695
	0.451011  	4.14645
	0.456361  	4.08385
 	0.46171  	4.02925
 	0.46706  	3.98275
	0.472409  	3.94455
	0.477759  	3.91465
	0.483108  	3.89315
	0.488458  	3.88025
	0.493807  	3.87595

       	0  	3.89245
  0.00463745  	3.89565
  0.00927491  	3.90535
   0.0139124  	3.92145
   0.0185498  	3.94395
   0.0231873  	3.97275
   0.0278247  	4.00775
   0.0324622  	4.04895
   0.0370996  	4.09615
   0.0417371  	4.14935
   0.0463745  	4.20845
	0.051012  	4.27325
   0.0556494  	4.34375
   0.0602869  	4.41975
   0.0649243  	4.50115
   0.0695618  	4.58765
   0.0741993  	4.67915
   0.0788367  	4.77535
   0.0834742  	4.87585
   0.0881116  	4.98035
   0.0927491  	5.08835
   0.0973865  	5.19925
	0.102024  	5.31215
	0.106661  	5.42615
	0.111299  	5.53975
	0.115936  	5.65095
	0.120574  	5.75745
	0.125211  	5.85545
	0.129849  	5.94095
	0.134486  	5.97895
	0.139124  	6.03355
	0.143761  	6.09165
	0.148398  	6.12555
	0.153036  	6.14695
	0.157673  	6.16335
	0.162311  	6.17695
	0.166948  	6.18815
	0.171586  	6.19685
	0.176223  	6.20265
	0.180861  	6.20435
	0.180861  	6.20425
	0.183535  	6.21035
 	0.18621  	6.22775
	0.188885  	6.25635
 	0.19156  	6.29485
	0.194234  	6.34395
	0.196909  	6.40225
	0.199584  	6.46965
	0.202259  	6.55065
	0.204934  	6.62765
	0.207608  	6.71605
	0.210283  	6.81145
	0.212958  	6.92965
	0.215633  	7.03875
	0.218307  	7.11185
	0.220982  	7.18775
	0.223657  	7.25955
	0.226332  	7.32315
	0.229006  	7.38825
	0.231681  	7.43965
	0.234356  	7.44195
	0.237031  	7.37225
	0.239705  	7.27525
 	0.24238  	7.17175
	0.245055  	7.06485
 	0.24773  	6.95705
	0.250404  	6.85035
	0.253079  	6.74535
	0.255754  	6.64265
	0.258429  	6.54295
	0.261104  	6.44685
	0.263778  	6.35495
	0.266453  	6.26775
	0.269128  	6.18615
	0.271803  	6.11105
	0.274477  	6.04405
	0.277152  	5.98705
	0.279827  	5.94255
	0.282502  	5.91395
	0.285176  	5.90385
	0.285176  	5.90385
	0.290526  	5.93805
	0.295875  	6.01345
	0.301225  	6.10765
	0.306574  	6.21095
	0.311924  	6.31875
	0.317273  	6.42675
	0.322623  	6.52935
	0.327972  	6.61675
	0.333322  	6.67355
	0.338672  	6.68295
	0.344021  	6.64695
	0.349371  	6.55765
 	0.35472  	6.40285
 	0.36007  	6.24215
	0.365419  	6.08245
	0.370769  	5.92485
	0.376118  	5.77015
	0.381468  	5.61885
	0.386817  	5.47155
	0.392167  	5.32875
	0.397516  	5.19105
	0.402866  	5.05865
	0.408215  	4.93205
	0.413565  	4.81165
	0.418914  	4.69755
	0.424264  	4.59025
	0.429613  	4.48995
	0.434963  	4.39685
	0.440312  	4.31115
	0.445662  	4.23295
	0.451011  	4.16255
	0.456361  	4.10005
 	0.46171  	4.04555
 	0.46706  	3.99905
	0.472409  	3.96085
	0.477759  	3.93105
	0.483108  	3.90965
	0.488458  	3.89675
	0.493807  	3.89245

       	0  	4.46015
  0.00463745  	4.46645
  0.00927491  	4.48485
   0.0139124  	4.51395
   0.0185498  	4.55205
   0.0231873  	4.59695
   0.0278247  	4.64715
   0.0324622  	4.70155
   0.0370996  	4.75975
   0.0417371  	4.82175
   0.0463745  	4.88775
	0.051012  	4.95795
   0.0556494  	5.03255
   0.0602869  	5.11175
   0.0649243  	5.19555
   0.0695618  	5.28405
   0.0741993  	5.37735
   0.0788367  	5.47545
   0.0834742  	5.57815
   0.0881116  	5.68545
   0.0927491  	5.79715
   0.0973865  	5.91335
	0.102024  	6.03425
	0.106661  	6.16455
	0.111299  	6.31195
	0.115936  	6.26015
	0.120574  	6.13685
	0.125211  	6.02085
	0.129849  	5.96195
	0.134486  	6.00875
	0.139124  	6.06555
	0.143761  	6.11725
	0.148398  	6.18565
	0.153036  	6.25765
	0.157673  	6.32535
	0.162311  	6.38555
	0.166948  	6.43575
	0.171586  	6.47385
	0.176223  	6.49755
	0.180861  	6.50565
	0.180861  	6.50565
	0.183535  	6.50855
 	0.18621  	6.51805
	0.188885  	6.53465
 	0.19156  	6.55805
	0.194234  	6.58835
	0.196909  	6.62525
	0.199584  	6.66875
	0.202259  	6.71995
	0.204934  	6.77425
	0.207608  	6.83625
	0.210283  	6.90525
	0.212958  	6.98835
	0.215633  	7.31905
	0.218307  	7.21305
	0.220982  	7.35265
	0.223657  	7.37685
	0.226332  	7.40075
	0.229006  	7.43365
	0.231681  	7.45565
	0.234356  	7.46225
	0.237031  	7.48505
	0.239705  	7.50995
 	0.24238  	7.53605
	0.245055  	7.56325
 	0.24773  	7.59015
	0.250404  	7.61825
	0.253079  	7.64685
	0.255754  	7.67555
	0.258429  	7.70435
	0.261104  	7.73275
	0.263778  	7.76065
	0.266453  	7.78735
	0.269128  	7.81265
	0.271803  	7.83575
	0.274477  	7.85625
	0.277152  	7.87335
	0.279827  	7.88665
	0.282502  	7.89495
	0.285176  	7.89805
	0.285176  	7.89805
	0.290526  	7.88465
	0.295875  	7.84515
	0.301225  	7.77975
	0.306574  	7.69145
	0.311924  	7.58415
	0.317273  	7.46145
	0.322623  	7.32705
	0.327972  	7.18355
	0.333322  	7.03315
	0.338672  	6.87765
	0.344021  	6.71865
	0.349371  	6.56755
 	0.35472  	6.51355
 	0.36007  	6.55065
	0.365419  	6.64505
	0.370769  	6.77275
	0.376118  	6.56505
	0.381468  	6.39845
	0.386817  	6.23715
	0.392167  	6.08095
	0.397516  	5.93205
	0.402866  	5.79055
	0.408215  	5.65635
	0.413565  	5.52935
	0.418914  	5.40985
	0.424264  	5.29745
	0.429613  	5.19215
	0.434963  	5.09395
	0.440312  	5.00245
	0.445662  	4.91745
	0.451011  	4.83865
	0.456361  	4.76555
 	0.46171  	4.69785
 	0.46706  	4.63555
	0.472409  	4.57915
	0.477759  	4.53075
	0.483108  	4.49295
	0.488458  	4.46955
	0.493807  	4.46065

       	0  	4.53465
  0.00463745  	4.54175
  0.00927491  	4.56265
   0.0139124  	4.59585
   0.0185498  	4.63885
   0.0231873  	4.68915
   0.0278247  	4.74415
   0.0324622  	4.80245
   0.0370996  	4.86365
   0.0417371  	4.92775
   0.0463745  	4.99515
	0.051012  	5.06625
   0.0556494  	5.14155
   0.0602869  	5.22105
   0.0649243  	5.30505
   0.0695618  	5.39375
   0.0741993  	5.48695
   0.0788367  	5.58475
   0.0834742  	5.68705
   0.0881116  	5.79375
   0.0927491  	5.90455
   0.0973865  	6.02075
	0.102024  	6.13905
	0.106661  	6.26945
	0.111299  	6.35805
	0.115936  	6.26895
	0.120574  	6.13935
	0.125211  	6.02345
	0.129849  	5.96555
	0.134486  	6.01265
	0.139124  	6.06765
	0.143761  	6.11915
	0.148398  	6.18815
	0.153036  	6.25965
	0.157673  	6.32685
	0.162311  	6.38665
	0.166948  	6.43665
	0.171586  	6.47445
	0.176223  	6.49815
	0.180861  	6.50615
	0.180861  	6.50615
	0.183535  	6.51025
 	0.18621  	6.52175
	0.188885  	6.54025
 	0.19156  	6.56535
	0.194234  	6.59725
	0.196909  	6.63555
	0.199584  	6.68005
	0.202259  	6.73095
	0.204934  	6.78625
	0.207608  	6.84725
	0.210283  	6.91335
	0.212958  	6.99195
	0.215633  	7.32515
	0.218307  	7.22985
	0.220982  	7.35375
	0.223657  	7.37825
	0.226332  	7.41015
	0.229006  	7.44845
	0.231681  	7.47245
	0.234356  	7.47405
	0.237031  	7.49355
	0.239705  	7.51775
 	0.24238  	7.54345
	0.245055  	7.57035
 	0.24773  	7.59735
	0.250404  	7.62555
	0.253079  	7.65415
	0.255754  	7.68325
	0.258429  	7.71185
	0.261104  	7.74045
	0.263778  	7.76835
	0.266453  	7.79515
	0.269128  	7.82045
	0.271803  	7.84365
	0.274477  	7.86415
	0.277152  	7.88135
	0.279827  	7.89455
	0.282502  	7.90295
	0.285176  	7.90605
	0.285176  	7.90605
	0.290526  	7.89265
	0.295875  	7.85295
	0.301225  	7.78745
	0.306574  	7.69885
	0.311924  	7.59115
	0.317273  	7.46815
	0.322623  	7.33355
	0.327972  	7.18995
	0.333322  	7.03975
	0.338672  	6.88465
	0.344021  	6.72625
	0.349371  	6.59495
 	0.35472  	6.56815
 	0.36007  	6.59665
	0.365419  	6.67745
	0.370769  	6.79345
	0.376118  	6.67225
	0.381468  	6.50725
	0.386817  	6.34815
	0.392167  	6.19115
	0.397516  	6.04235
	0.402866  	5.90095
	0.408215  	5.76675
	0.413565  	5.63965
	0.418914  	5.52005
	0.424264  	5.40755
	0.429613  	5.30195
	0.434963  	5.20325
	0.440312  	5.11115
	0.445662  	5.02515
	0.451011  	4.94485
	0.456361  	4.86955
 	0.46171  	4.79845
 	0.46706  	4.73155
	0.472409  	4.66935
	0.477759  	4.61485
	0.483108  	4.57195
	0.488458  	4.54525
	0.493807  	4.53525




